2 14 17 19
2 14 17 19
2 14 17 19
2 17 19 -1
2 14 17 19
2 14 17 19
2 17 19 -1
2 14 17 19
2 17 19 -1
2 14 17 19
2 5 17 19
2 14 17 19
2 17 19 -1
2 14 17 19
2 14 17 19
2 17 19 -1
2 14 17 19
2 14 17 19
2 14 17 19
2 17 19 -1
2 14 17 19
2 14 17 19
2 14 17 19
2 14 17 19
2 14 17 19
2 14 17 19
2 14 17 19
2 14 17 19
2 14 17 19
2 14 17 19
2 14 17 19
2 14 17 19
2 17 19 -1
2 5 17 19
2 14 17 19
2 14 17 19
2 14 19 -1
2 14 17 19
2 14 17 19
2 5 17 19
2 14 17 19
2 14 17 19
2 14 17 19
2 14 17 19
2 14 17 19
2 14 17 19
2 14 17 19
2 14 17 19
2 14 17 19
2 14 17 19
