1.119424988266832649e-01 3.582246796716182652e-02
1.119424988266832649e-01 3.582246796716182652e-02
1.119424988266832649e-01 3.582246796716182652e-02
4.432818813897034249e-01 1.466645156695310821e-02
1.119424988266832649e-01 3.582246796716182652e-02
1.119424988266832649e-01 3.582246796716182652e-02
4.432818813897034249e-01 1.466645156695310821e-02
1.119424988266832649e-01 3.582246796716182652e-02
4.432818813897034249e-01 1.466645156695310821e-02
1.119424988266832649e-01 3.582246796716182652e-02
1.519136111864655136e-01 5.912512664470250673e-02
1.119424988266832649e-01 3.582246796716182652e-02
4.432818813897034249e-01 1.466645156695310821e-02
1.119424988266832649e-01 3.582246796716182652e-02
1.119424988266832649e-01 3.582246796716182652e-02
4.432818813897034249e-01 1.466645156695310821e-02
1.119424988266832649e-01 3.582246796716182652e-02
1.119424988266832649e-01 3.582246796716182652e-02
1.119424988266832649e-01 3.582246796716182652e-02
4.432818813897034249e-01 1.466645156695310821e-02
1.119424988266832649e-01 3.582246796716182652e-02
1.119424988266832649e-01 3.582246796716182652e-02
1.119424988266832649e-01 3.582246796716182652e-02
1.119424988266832649e-01 3.582246796716182652e-02
1.119424988266832649e-01 3.582246796716182652e-02
1.119424988266832649e-01 3.582246796716182652e-02
1.119424988266832649e-01 3.582246796716182652e-02
1.119424988266832649e-01 3.582246796716182652e-02
1.119424988266832649e-01 3.582246796716182652e-02
1.119424988266832649e-01 3.582246796716182652e-02
1.119424988266832649e-01 3.582246796716182652e-02
1.119424988266832649e-01 3.582246796716182652e-02
4.432818813897034249e-01 1.466645156695310821e-02
1.519136111864655136e-01 5.912512664470250673e-02
1.119424988266832649e-01 3.582246796716182652e-02
1.119424988266832649e-01 3.582246796716182652e-02
4.723466765056627548e-01 1.742560233426774380e-02
1.119424988266832649e-01 3.582246796716182652e-02
1.119424988266832649e-01 3.582246796716182652e-02
1.519136111864655136e-01 5.912512664470250673e-02
1.119424988266832649e-01 3.582246796716182652e-02
1.119424988266832649e-01 3.582246796716182652e-02
1.119424988266832649e-01 3.582246796716182652e-02
1.119424988266832649e-01 3.582246796716182652e-02
1.119424988266832649e-01 3.582246796716182652e-02
1.119424988266832649e-01 3.582246796716182652e-02
1.119424988266832649e-01 3.582246796716182652e-02
1.119424988266832649e-01 3.582246796716182652e-02
1.119424988266832649e-01 3.582246796716182652e-02
1.119424988266832649e-01 3.582246796716182652e-02
