9.978442000108289633e-01 6.686203881891126903e-03
9.457569625416124837e-02 2.678967008673708294e-01
1.017220996315707227e-01 4.087661892565674915e-02
9.978442000108289633e-01 6.686203881891126903e-03
1.955173557856025868e-01 5.927114515070924100e-02
1.017220996315707227e-01 4.087661892565674915e-02
1.017220996315707227e-01 4.087661892565674915e-02
9.457569625416124837e-02 2.678967008673708294e-01
1.017220996315707227e-01 4.087661892565674915e-02
1.017220996315707227e-01 4.087661892565674915e-02
7.741112973506305561e-01 7.370843634814917833e-03
9.978442000108289633e-01 6.686203881891126903e-03
1.017220996315707227e-01 4.087661892565674915e-02
1.017220996315707227e-01 4.087661892565674915e-02
9.978442000108289633e-01 6.686203881891126903e-03
7.741112973506305561e-01 7.370843634814917833e-03
1.017220996315707227e-01 4.087661892565674915e-02
1.017220996315707227e-01 4.087661892565674915e-02
1.017220996315707227e-01 4.087661892565674915e-02
1.017220996315707227e-01 4.087661892565674915e-02
9.457569625416124837e-02 2.678967008673708294e-01
1.017220996315707227e-01 4.087661892565674915e-02
9.457569625416124837e-02 2.678967008673708294e-01
9.686046017131201280e-01 8.354504610267088393e-04
1.017220996315707227e-01 4.087661892565674915e-02
1.017220996315707227e-01 4.087661892565674915e-02
1.568519930191908107e-01 5.208649523133100645e-02
9.978442000108289633e-01 6.686203881891126903e-03
9.978442000108289633e-01 6.686203881891126903e-03
9.978442000108289633e-01 6.686203881891126903e-03
9.978442000108289633e-01 6.686203881891126903e-03
1.017220996315707227e-01 4.087661892565674915e-02
1.017220996315707227e-01 4.087661892565674915e-02
1.017220996315707227e-01 4.087661892565674915e-02
1.017220996315707227e-01 4.087661892565674915e-02
1.017220996315707227e-01 4.087661892565674915e-02
9.457569625416124837e-02 2.678967008673708294e-01
9.978442000108289633e-01 6.686203881891126903e-03
9.978442000108289633e-01 6.686203881891126903e-03
9.686046017131201280e-01 8.354504610267088393e-04
7.741112973506305561e-01 7.370843634814917833e-03
1.017220996315707227e-01 4.087661892565674915e-02
9.457569625416124837e-02 2.678967008673708294e-01
1.017220996315707227e-01 4.087661892565674915e-02
1.017220996315707227e-01 4.087661892565674915e-02
1.017220996315707227e-01 4.087661892565674915e-02
1.017220996315707227e-01 4.087661892565674915e-02
8.803088261244086388e-01 1.085842884769172047e-02
1.017220996315707227e-01 4.087661892565674915e-02
1.568519930191908107e-01 5.208649523133100645e-02
