-2.798675475638397359e+00 -2.614957027776700471e+00
-8.345492092763870939e-01 -1.821125947588100757e+00
-2.231095744759631572e+00 -2.116228019758766177e+00
-1.761305397817238827e+00 -1.431902990945861598e+00
-2.378572912186339039e+00 -2.340211483350792321e+00
-2.176723179845763134e+00 -1.978086116109383230e+00
-1.934199664447563194e+00 -2.515278845108785966e+00
-2.150047210884200588e+00 -1.833196064142001092e+00
-1.488543149831095924e+00 -2.835367655673855847e+00
-2.682290816570899850e+00 -2.295809346931889205e+00
-2.873387206985179354e+00 -1.706006841276647812e+00
-2.226631921396973635e+00 -1.952223718738676395e+00
-2.569189109774304924e+00 -1.769322729905985936e+00
-1.831953359178237539e+00 -1.718698907811942345e+00
-2.390702629832742954e+00 -3.160958614222822760e+00
-1.135772900482651782e+00 -2.101756412797789686e+00
-2.913241931100486681e+00 -1.113893975260788594e+00
-2.087007148553298830e+00 -1.686304570612862541e+00
-2.141707524102127280e+00 -2.209478276312930589e+00
-1.544596635308036259e+00 -1.649216436610525083e+00
-1.850748360871458775e+00 -1.987635131237754704e+00
-1.956927348155025115e+00 -2.714805704245055296e+00
-1.235372508748000087e+00 -1.293791954031653813e+00
-1.721347141259064406e+00 -1.676208450775235725e+00
-1.911378721445965878e+00 -2.473414229993110336e+00
-1.084271825520555232e-01 -1.755992916139660798e+00
-1.424588619442704207e+00 -1.837545847535545063e+00
-1.810888507230983935e+00 -2.233037653855924010e+00
-2.236625844751225056e+00 -2.056478120808244547e+00
-1.288100087613559985e+00 -1.800449297864998632e+00
-2.273254309722400279e+00 -1.461674359503136511e+00
-2.223458097208520723e+00 -1.551820748471434364e+00
-2.324485047590445941e+00 -2.296064130504607448e+00
-1.481737156120984888e+00 -2.350841721535304352e+00
-2.549039549850059760e+00 -1.631056388930528067e+00
-1.315512015878139707e+00 -1.141177467291430325e+00
-2.170413863976959679e+00 -1.647300823603700559e+00
-2.354166617360864855e+00 -1.442517193303717304e+00
-1.493398231192275105e+00 -3.062164669603413714e+00
-2.004009627617045819e+00 -1.566185728234855690e+00
-2.363074447723504168e+00 -1.659411030821526190e+00
-1.973554260121537229e+00 -1.288562977183495439e+00
-2.817399771835947142e+00 -3.125747740420006249e-01
-2.311188054043753048e+00 -1.338702806047083360e+00
-1.621698327146406493e+00 -2.600108827957921864e+00
-2.007434408519247704e+00 -1.920650386344511018e+00
-2.106323834786521410e+00 -1.385853516233726879e+00
-1.915320579572060256e+00 -1.044426703787658894e+00
-2.252594428532122439e+00 -8.909972837063744322e-01
-1.976639387891050648e+00 -2.179317157400495919e+00
-3.047370231730911261e+00 -2.594456813159191633e+00
-1.936911555595780987e+00 -1.990741179206057865e+00
-2.947796759919182108e+00 -1.881393541478835640e+00
-2.202047870201424562e+00 -2.117231229046310670e+00
-1.696417643901274808e+00 -1.215386274112102871e+00
-2.299422677121953917e+00 -2.364015924840248140e+00
-1.556357085657728678e+00 -2.607864732421013354e+00
-2.228077620694329575e+00 -2.048922509793368985e+00
-1.052998019701597565e+00 -2.512487850036770887e+00
-1.890813249998014811e+00 -2.497492973628817836e+00
-2.240851759120269904e+00 -2.339069171293830518e+00
-1.592120156315986801e+00 -1.445593977736212121e+00
-2.183313454623772021e+00 -1.653082629674308635e+00
-2.394259403036540501e+00 -2.551058227701221703e+00
-1.991445535905492559e+00 -1.615821471046251290e+00
-2.006563749857543488e+00 -1.844179531985878473e+00
-3.003283255195774437e+00 -1.860160084928997648e+00
-2.459221314447792572e+00 -2.182697166026293267e+00
-2.302258596157683357e+00 -2.329968456018040701e+00
-1.832246890599716238e+00 -2.387784631043006645e+00
-2.024461680650295303e+00 -2.366259377358383542e+00
-2.188147402795135754e+00 -2.262061877088902051e+00
-1.298911713636629939e+00 -1.738183480491271915e+00
-1.945723743345578294e+00 -2.110845483495027874e+00
-3.121117696483852288e+00 -2.123407136999548861e+00
-2.792991641360457855e+00 -1.943058337948614600e+00
-2.381599486889958595e+00 -7.144386513980840459e-01
-1.580159479209183315e+00 -2.603797334692925070e+00
-1.876764743458153362e+00 -2.053215675712281030e+00
-1.910312112264734408e+00 -1.918417232900764935e+00
-2.093832381272527243e+00 -9.125371887467028653e-01
-1.034583803451074591e+00 -1.317920509753636615e+00
-1.943559384729545814e+00 -2.524620287160828092e+00
-2.047674611245216880e+00 -2.349103580580030659e+00
-2.286239256620238081e+00 -2.129110511146532048e+00
-1.213897472915623776e+00 -1.798438271470343297e+00
-1.967716771005469045e+00 -8.746384453081774701e-01
-2.655972460235280330e+00 -2.427706336895738115e+00
-2.855960216853285161e+00 -1.180733450114372474e+00
-1.881360156327243516e+00 -1.953973443326907811e+00
-1.799673859866104619e+00 -2.623959825464090567e+00
-2.300577279631366157e+00 -1.469183197797170770e+00
-1.867901579922686128e+00 -1.208981329828372475e+00
-1.866070201224302894e+00 -1.298925326683529669e+00
-1.803595519393134561e+00 -1.112474450123443592e+00
-2.193875804518362393e+00 -2.047247788893904019e+00
-1.444012631917174438e+00 -1.940183493999218411e+00
-1.580704100544545909e+00 -1.933495012448116057e+00
-2.853530107879615585e+00 -1.999783015220426341e+00
-1.634490346097474678e+00 -2.154171600577895695e+00
-2.468395263653612837e+00 -2.605035434969617203e+00
-2.307104888219692729e+00 -2.406677925239314675e+00
-2.671200108010437280e+00 -1.703830623969720071e+00
-2.569849470908896816e+00 -2.176439059632560902e+00
-1.694167993722659471e+00 -1.373641233844732135e+00
-2.277672760768160387e+00 -2.113534373803493072e+00
-1.587843983557016836e+00 -2.781406323220499743e+00
-1.643432034226739002e+00 -1.756929491624283246e+00
-1.560459418225915718e+00 -1.956320898698550081e+00
-2.262060840488234525e+00 -1.549661168384124821e+00
-2.512717940655688764e+00 -1.324623287689131068e+00
-2.217833447278334535e+00 -2.106766899748932609e+00
-2.303933975505455756e+00 -2.280989680120537599e+00
-2.038713767097819929e+00 -2.865093444433729708e+00
-1.232256348455910366e+00 -2.518896650963339034e+00
-1.954000778558482310e+00 -2.419173784570648689e+00
-2.395031935609968521e+00 -2.183390542058191386e+00
-1.910317404092320537e+00 -1.229088635336885282e+00
-1.142515279215614576e+00 -1.318489956008415342e+00
-1.717903123036218282e+00 -1.887218914455320418e+00
-1.853472736397754117e+00 -2.184476759126659839e+00
-2.130406325130649758e+00 -1.762958055640077459e+00
-2.279613640026675103e+00 -2.121704486336850159e+00
-9.489692701159568866e-01 -1.682916370447545162e+00
-1.803902863389282185e+00 -1.770190528312652223e+00
-2.333397716373300401e+00 -2.086595580341006340e+00
-2.705164176170436363e+00 -2.273592555289162043e+00
-1.461254712636218311e+00 -1.928143347937774976e+00
-2.154734251811929013e+00 -2.558607249260612004e+00
-2.044615363394621799e+00 -1.700482952267415193e+00
-1.519443650528497614e+00 -2.358356676643394323e+00
-2.397661306327696362e+00 -2.632698494951869250e+00
-2.076117649308319546e+00 -1.931398287034104655e+00
-3.057258779693388995e+00 -1.848456198489798252e+00
-2.318914846488627113e+00 -2.590236875052132071e+00
-1.276974238736619194e+00 -1.954827696177512397e+00
-2.010047180551857160e+00 -2.337378903002502284e+00
-2.184694984358887648e+00 -1.598399750584725609e+00
-2.910810232576745094e+00 -2.137633701852369228e+00
-1.633204506798783484e+00 -1.901211667607167088e+00
-2.036275508564743930e+00 -1.847310792620830977e+00
-2.482636991798223391e+00 -1.829985579875352597e+00
-2.214519542808367714e+00 -1.644529968651089913e+00
-2.168331101694050300e+00 -1.950110286643015778e+00
-2.410855348561456335e+00 -2.638649097534358390e+00
-1.402947710988472929e+00 -2.037235091217719951e+00
-1.683258182020383353e+00 -2.407670301292612169e+00
-2.458156332881219708e+00 -2.163264243372080120e+00
-1.565652924512320077e+00 -1.966203056310967368e+00
-1.521659742813539440e+00 -1.936675216987848946e+00
-1.637919108810345303e+00 -1.672618309624344768e+00
-2.402452091229288822e+00 -2.395811295167658450e+00
-1.487248171654373508e+00 -1.383254579639052073e+00
-2.218425959490687216e+00 -1.482869601633252099e+00
-1.382165405796834889e+00 -2.446846823349945854e+00
-2.397930492868423968e+00 -1.352683600192872593e+00
-2.056250235842476126e+00 -1.516399472707537610e+00
-1.989247066533609720e+00 -1.524464774190580574e+00
-2.436368342546276100e+00 -2.341440039045708854e+00
-1.748684117543939598e+00 -1.816627706893078731e+00
-2.059246593057541652e+00 -2.226674885491828348e+00
-1.783084953967684072e+00 -2.795530273318591163e+00
-1.675841987972014113e+00 -2.226817676857782757e+00
-2.240925737960116404e+00 -2.607293768324321803e+00
-2.144981124956841345e+00 -1.523975118268079854e+00
-1.418858532931611904e+00 -1.682288975687425081e+00
-2.069563356943086241e+00 -1.265673190972091744e+00
-2.816190448943234337e+00 -1.729023960049760555e+00
-2.504359566671232162e+00 -2.439698245714630787e+00
-1.597190943655127482e+00 -1.896981316577344590e+00
-2.126021507052441972e+00 -2.035878840311545535e+00
-2.555349867366924155e+00 -2.447845988913235793e+00
-1.874045299559480071e+00 -2.577416020392429008e+00
-1.937130043432428339e+00 -2.551994843228520882e+00
-2.308992723983913642e+00 -2.850876195178744243e+00
-1.823891797210983601e+00 -2.398038860863577426e+00
-1.699514938040055156e+00 -2.188111666072012351e+00
-1.364512047690860097e+00 -2.056108849144799411e+00
-2.885846524736079388e+00 -3.065043122508252615e+00
-1.562933458930617636e+00 -1.912870120213125080e+00
-2.285776763249062427e+00 -2.842777400592424897e+00
-1.995261769924237427e+00 -1.564315333968294919e+00
-1.134236816829857109e+00 -1.779117801376546959e+00
-1.813970922799040153e+00 -1.277266150863018979e+00
-1.436202591096859660e+00 -1.938471309015605826e+00
-1.616060711535536987e+00 -1.962547881065732414e+00
-1.064157761915473399e+00 -1.799746559235047894e+00
-2.549148025308535903e+00 -2.437326674842945629e+00
-1.933999568544610526e+00 -2.282349379630839614e+00
-1.765140941276336140e+00 -1.442161502488082947e+00
-2.137831518734896630e+00 -1.715321196343588817e+00
-2.074522940446589914e+00 -2.290845067925866729e+00
-1.254161803731136615e+00 -1.758902650427619285e+00
-3.145266090801340120e+00 -2.053829340979144824e+00
-1.993455430255260286e+00 -1.798773217479034958e+00
-1.773125257279126732e+00 -2.158659666500585939e+00
-1.311609468509777443e+00 -1.046979829298675169e+00
-1.542070401110794853e+00 -2.252101112566199159e+00
-1.948913007328516356e+00 -1.908267014885971502e+00
-2.925565494518939769e+00 -2.163200025041014385e+00
-8.115542491783414025e-01 -1.973753844377084343e+00
-2.344869226968391285e+00 -2.601465354037049593e+00
-1.758032692990371348e+00 -1.096464354527941332e+00
-2.320808486939361703e+00 -1.928643267518887594e+00
-2.378731537670103258e+00 -2.578229027819714858e+00
-2.827963701872425517e+00 -1.864433226035038915e+00
-2.387183739577134034e+00 -1.490108439072051372e+00
-1.542997502185943226e+00 -1.984988730099987997e+00
-2.158224750101261691e+00 -2.317817500449910639e+00
-1.643085168156821707e+00 -2.481211122023315063e+00
-2.415723853928190668e+00 -2.040492080605510683e+00
-1.844191328516934680e+00 -2.233638637503713831e+00
-1.627582020846222388e+00 -1.801971138974149955e-01
-2.052161476886984026e+00 -1.823599557313365205e+00
-2.448321385977977993e+00 -1.970137088062761332e+00
-1.378671295856026546e+00 -1.941090466566752770e+00
-1.883456148520626483e+00 -2.116573437523395107e+00
-1.233360431588594874e+00 -1.689781479604032466e+00
-1.959295569870638687e+00 -2.061240382932690629e+00
-2.584489052228422068e+00 -2.012297941871526330e+00
-1.844806903501730266e+00 -1.746911112457873116e+00
-1.467838054470776088e+00 -1.291904399186862618e+00
-1.756424438496550833e+00 -2.688892067686903253e+00
-1.511190541441230550e+00 -2.092314265706449294e+00
-2.150331204925389095e+00 -1.985723950565660312e+00
-3.097655774265329676e+00 -1.243231546120614484e+00
-1.604438464361275241e+00 -2.542695189991575511e+00
-1.656616181849661862e+00 -2.497627987058908872e+00
-1.605413817477166605e+00 -2.206776797753232433e+00
-2.018279786488078376e+00 -2.239404036153905153e+00
-1.846735698566682293e+00 -2.318154325762892043e+00
-2.805352189946737074e+00 -1.975769190394741637e+00
-2.169709595042017991e+00 -2.150136072256026321e+00
-1.794407563427446783e+00 -2.360032845271763158e+00
-1.844782858469849796e+00 -1.608954039395348534e+00
-1.817882739901220956e+00 -1.095095102131782960e+00
-1.349009474372497852e+00 -1.757513641862447296e+00
-1.509252148241843283e+00 -2.199279653759946829e+00
-1.417160211495420263e+00 -1.183201826708610849e+00
-2.814345784855719401e+00 -2.668102192220882074e+00
-2.253995060440764142e+00 -1.718801227926243902e+00
-2.013483246855579889e+00 -8.975863188518631297e-01
-2.751183473903733745e+00 -1.200573411978977934e+00
-1.859160006806465759e+00 -1.319048908148614307e+00
-2.642234498636009121e+00 -2.651517519138921752e+00
-2.234038074726174106e+00 -2.045461976611685273e+00
-1.579845089732246244e+00 -1.817922159062013598e+00
-1.853897120965656731e+00 -1.632229621979832013e+00
-2.270506398014809690e+00 -2.778105863875899750e+00
-1.748460654395812996e+00 -2.527042705144321832e+00
-2.390239663803645165e+00 -1.590934857982655659e+00
-1.766154266896311498e+00 -2.076999899386562376e+00
-1.882525535139135453e+00 -1.909123973825929133e+00
-2.349395749247188636e+00 -2.672643520713379850e+00
-2.957173322303434215e+00 -1.543300641165884279e+00
-2.299923267461668974e+00 -2.411646283410935343e+00
-1.978143031569370880e+00 -1.698459303775111451e+00
-2.328778869665235618e+00 -1.444191352610549206e+00
-1.750518784885261248e+00 -1.673037307013653274e+00
-2.128376146975116789e+00 -1.306824139509587202e+00
-1.151330894618294298e+00 -1.860861279823872838e+00
-1.987354763048766904e+00 -1.299147851477952198e+00
-2.081168473521820772e+00 -2.618193035073323571e+00
-1.834427826983313636e+00 -2.561851667993172654e+00
-2.943145811206366425e+00 -1.535146064889666873e+00
-2.214696627434933340e+00 -2.111108693928353208e+00
-2.705587212290074817e+00 -1.533981099609410759e+00
-2.308268281324582283e+00 -2.023179559236184755e+00
-2.830787847412313596e+00 -1.935700605930775753e+00
-1.857774732725069988e+00 -1.464473653667907493e+00
-1.601544198536011931e+00 -2.089947743372218003e+00
-2.012812084531931056e+00 -2.464661104524542345e+00
-2.273560622889330141e+00 -2.099598816852495275e+00
-2.347849186202210614e+00 -1.871850162815666074e+00
-2.383405521952267403e+00 -1.080508371750238172e+00
-2.033265997268485226e+00 -2.223258856447063003e+00
-2.579762624583267439e+00 -1.895617318294291476e+00
-2.006459633919043473e+00 -2.178427562135970774e+00
-9.487375741137362706e-01 -1.879709028400044168e+00
-1.690362760056369318e+00 -2.016537228694823991e+00
-2.339742285810862743e+00 -2.396102662807172212e+00
-1.625205312328834584e+00 -2.428382480879060168e+00
-2.157971728376889331e+00 -2.354366104430919648e+00
-1.750542093714246406e+00 -1.521488363131658694e+00
-3.189456592391936240e+00 -1.966880884681646124e+00
-2.036753969739038883e+00 -1.129693439308391278e+00
-2.264412150941986113e+00 -2.763144994413218036e+00
-1.618350784278543397e+00 -1.435797615522131032e+00
-2.241159346457991752e+00 -2.021880185171153421e+00
-2.182025183330317475e+00 -1.878461088324387296e+00
-2.129154657852066812e+00 -2.628600367487540890e+00
-1.764877049095919137e+00 -2.358230887978315149e+00
-1.734961792520786972e+00 -1.771311652537703951e+00
-2.167929818963600042e+00 -2.391690232813883377e+00
-1.689326995025610234e+00 -2.133403061361583308e+00
-2.833147526303532615e+00 -2.648109377710338830e+00
-2.127891801944986838e+00 -1.526660654608180900e+00
-1.108489512455681503e+00 -2.032663593928438761e+00
-1.588060170337070476e+00 -1.503852707704312230e+00
-2.417676565093110685e+00 -1.129250777252071902e+00
-1.402281834904361979e+00 -2.068472215261379699e+00
-1.552035840652717047e+00 -1.296163396778929666e+00
-1.776282009241834992e+00 -1.389905704584948776e+00
-1.677336611929157062e+00 -1.234934085065059417e+00
-1.446155041573524702e+00 -1.960501638398380875e+00
-2.056569388381312535e+00 -1.662710033771017226e+00
-2.086900481323526790e+00 -2.147771635239164922e+00
-1.498547618514514790e+00 -1.649872560195649651e+00
-2.253814582679840584e+00 -2.586025202717966653e+00
-2.310573496594547471e+00 -2.285795448583318290e+00
-1.970390029841731616e+00 -2.738510465407642869e+00
-1.714544536497935256e+00 -1.824522493891205022e+00
-2.465678318026219173e+00 -1.648602174331084580e+00
-1.567387950210056724e+00 -2.240673152977044058e+00
-2.207442050615687101e+00 -2.440822456879636615e+00
-2.296713624855872382e+00 -1.659475379639090642e+00
-1.766610515533116654e+00 -2.740513128508494933e+00
-2.244753650970003012e+00 -2.056553572663221807e+00
-1.828800411890059596e+00 -1.380267123264330209e+00
-1.951784900537794964e+00 -1.320023082995520625e+00
-2.040453101339659181e+00 -1.806204675832361772e+00
-1.802860559927697004e+00 -1.265749327069279229e+00
-1.804086525272334818e+00 -2.640921081659109326e+00
-2.022187277616200873e+00 -1.409038185710995483e+00
-1.804362912802910168e+00 -1.625194412756464368e+00
-1.697605583089696113e+00 -2.267279158792934179e+00
-2.229914546575069156e+00 -2.507504742048343171e+00
-2.945106612717705019e+00 -1.749429595655767944e+00
-2.115871621874226172e+00 -2.043741375246178382e+00
-1.793027629236311649e+00 -1.107556591424166070e+00
-2.075241443141351283e+00 -1.736991211611263575e+00
-9.746327305957966924e-01 -1.730968270756798155e+00
-2.831935707274803704e+00 -2.423302985382642216e+00
-1.598572579043908259e+00 -2.504655132809912033e+00
-1.634214146963386627e+00 -1.493662744147576049e+00
-2.014276663638083775e+00 -1.985291290443083945e+00
-2.237183085324991438e+00 -1.775729364155040457e+00
-8.457066717746348772e-01 -2.481907177807255227e+00
-1.987300880549440096e+00 -1.700728361370718922e+00
-2.507342067117336093e+00 -2.058237025020841049e+00
-1.580974380510635546e+00 -2.360053880103118562e+00
-2.345699953763249912e+00 -2.286741777877700166e+00
-1.805675958107078705e+00 -1.327538303657232355e+00
-2.114727628106080282e+00 -1.825305043633017599e+00
-1.479407581372569336e+00 -2.219437300483361852e+00
-1.836139629293303432e+00 -2.052792493996441259e+00
-2.147445623797896719e+00 -2.063047353890857138e+00
-1.487654543442173516e+00 -2.611621731326827955e+00
-2.393874257800595817e+00 -1.841490038837381604e+00
-2.124452743698563850e+00 -2.340375850677788971e+00
-2.895972895097015609e+00 -1.753065028674219983e+00
-1.950007525828650445e+00 -2.234854692035895596e+00
-2.297723404362309818e+00 -1.799122387691423519e+00
-1.371858610807646706e+00 -2.274555463285261148e+00
-1.575445145152629900e+00 -1.318426009766061835e+00
-1.566586446577244551e+00 -2.061128033867166920e+00
-1.734004271497513461e+00 -1.951588697468237932e+00
-2.249822767464905393e+00 -1.254902684771442400e+00
-2.250987264581063130e+00 -1.650875980859398462e+00
-2.095769355091263719e+00 -1.362140573953676492e+00
-2.398288185349869206e+00 -2.871636420435606851e+00
-2.146387457212655114e+00 -1.881750194546587762e+00
-2.367242456684098162e+00 -1.638721993510440234e+00
-1.381443379434256435e+00 -2.262101014084859418e+00
-1.212579884476741920e+00 -1.671913259976385735e+00
-1.846854982006420176e+00 -2.476393736439413740e+00
-2.015682451924601271e+00 -1.076012214782643639e+00
-2.208587022373622144e+00 -2.057489449046402186e+00
-1.766871828106164166e+00 -2.322277617507091829e+00
-2.043671960568966384e+00 -8.734741654515689735e-01
-1.414423006716434505e+00 -2.206532881977805616e+00
-1.518752548000914082e+00 -2.071213571040023904e+00
-2.158519705697544477e+00 -2.076842990503823927e+00
-3.259618508310780705e+00 -2.482934775793740556e+00
-1.791482011893186677e+00 -1.500056142954339755e+00
-2.412026392843471534e+00 -2.323562755828390891e+00
-1.468892133108343989e+00 -2.478150175109124387e+00
-2.690138131492723517e+00 -1.629374823537080186e+00
-1.881236234420456510e+00 -1.804096020103729270e+00
-2.148456749809454447e+00 -1.940902199418591767e+00
-1.763583553546743232e+00 -2.461934166410064240e+00
-2.449590676533266898e+00 -1.753052268874549346e+00
-2.107951908718240119e+00 -2.396430607053808171e+00
-1.338056173830882711e+00 -2.171793238597722109e+00
-1.930611401790411019e+00 -2.914880509380623153e+00
-2.552794700748677315e+00 -2.448478726363020996e+00
-1.561754598942265648e+00 -1.900250245311997599e+00
-2.068969800577054929e+00 -1.388553786633353493e+00
-2.866981871471886656e+00 -8.980939087677490829e-01
-1.387028695343249796e+00 -1.733911594488616759e+00
-2.543968318698409004e+00 -2.544444355774847288e+00
-1.542080083070590302e+00 -2.361949458028852256e+00
-1.097287673071089209e+00 -2.340088066606125228e+00
-2.054727510583236771e+00 -1.177429284066382031e+00
-2.929402142761158956e+00 -1.488540618146200423e+00
-2.240248895634849635e+00 -1.363611773840433194e+00
-1.275005129916757074e+00 -2.364471563986243030e+00
-1.875265936627534824e+00 -2.228556154419866431e+00
-2.647997935006644710e+00 -1.087595518779552517e+00
-1.759694858798728889e+00 -1.269281046382635836e+00
-2.260205729615320180e+00 -2.011138365175251685e+00
-2.059891728762517804e+00 -2.490045851705009472e+00
-2.276295972078379304e+00 -1.762010599220724893e+00
-1.527226915709329447e+00 -1.841235309061453496e+00
-2.620440767442870911e+00 -1.659715745768321593e+00
-2.182478074074943208e+00 -2.042419902437502266e+00
-1.061626065654392548e+00 -2.174386590572871203e+00
-2.310614591019729769e+00 -1.035581547345392206e+00
-1.366039363528912087e+00 -2.480884480391765123e+00
-1.490881569381984573e+00 -2.540401480735404949e+00
-2.329192457995347798e+00 -2.533039432336380514e+00
-1.378523280214701163e+00 -2.439813465137896209e+00
-1.978974622503247627e+00 -2.798811957176262855e+00
-1.875711408825803339e+00 -2.627804053923272321e+00
-2.369279812494779147e+00 -2.393891144195259724e+00
-2.608919481384348149e+00 -1.864116355797606372e+00
-1.696663321769368959e+00 -2.370611473298770644e+00
-2.045731750730882759e+00 -2.445254048442998318e+00
-1.528900273454509851e+00 -1.477686413985493719e+00
-1.713412791545005920e+00 -9.773812758002440315e-01
-1.485356321577196770e+00 -1.438233272570270227e+00
-2.570292410878451062e+00 -1.445751560827574167e+00
-1.672940998910140475e+00 -1.248060063985397150e+00
-2.597690874257374993e+00 -1.626647326366200019e+00
-1.993579101452000346e+00 -2.435651860656822265e+00
-1.531985274515514472e+00 -1.600736241919042957e+00
-3.552746733581423122e+00 -2.289815444874162331e+00
-1.341333890081064295e+00 -1.510385158834213204e+00
-2.117685840751123649e+00 -3.284239671682347428e+00
-1.154525508064021100e+00 -2.608372981877022490e+00
-1.828335937402128852e+00 -1.812162007595255142e+00
-2.282261137539474571e+00 -1.701751619048574637e+00
-2.003124847216982474e+00 -2.354122699350344572e+00
-1.964558844439327601e+00 -2.645114695466268540e+00
-2.045312154909774360e+00 -1.725907032803898566e+00
-1.852617823325821700e+00 -2.434346671601635315e+00
-5.052694346237955880e-01 -1.714762934481381729e+00
-2.683764077690037553e+00 -2.012464851526754028e+00
-1.578112463979556734e+00 -2.200524652969002126e+00
-1.501468186284107498e+00 -2.001623944559900892e+00
-2.265141666561222067e+00 -2.023037964737798511e+00
-1.127380631440089154e+00 -1.589255593927288546e+00
-2.095086560151943722e+00 -2.749832520254455126e+00
-1.512355914705802551e+00 -1.945057737974801748e+00
-2.746073576825144080e+00 -1.479452810509512606e+00
-2.307585230153368805e+00 -1.504468807957094700e+00
-1.508980315324896848e+00 -2.500385148014898640e+00
-2.180315633457203806e+00 -2.099284509294797818e+00
-1.789378508649300592e+00 -2.559665724622602667e+00
-1.778266271422151545e+00 -1.845735970924224478e+00
-2.383260893688960547e+00 -1.270443463744557189e+00
-1.606148579766650819e+00 -2.512099872804580247e+00
-1.281804257706840922e+00 -2.085906841252417543e+00
-2.691151607411917723e+00 -1.803985610096202619e+00
-1.923531796774116787e+00 -2.576792628451390677e+00
-1.720505522938994503e+00 -2.414847791544215028e+00
-2.517329112890143605e+00 -2.308533423013602981e+00
-2.245269229351310347e+00 -2.255590445188224269e+00
-2.610671826369632686e+00 -1.926255904117768925e+00
-1.584911680536862821e+00 -1.653161366067977589e+00
-1.867350980052805420e+00 -2.348523508016387762e+00
-1.447087502794506708e+00 -1.630318026341614601e+00
-1.961363091845005124e+00 -1.287091438223919138e+00
-2.296938745150261418e+00 -7.061264377516986990e-01
-1.878887451799278629e+00 -2.257651855224100501e+00
-1.711367997121765683e+00 -1.646856929347623844e+00
-2.111003108702199871e+00 -1.430774935780970925e+00
-2.079675539491542491e+00 -1.656584299570926344e+00
-2.575770280283666835e+00 -2.560868421812031670e+00
-2.162502416654166204e+00 -1.851480658145966851e+00
-2.415024494843173386e+00 -1.595244165522820667e+00
-1.516729937718324983e+00 -1.997937969219878429e+00
-1.817812390710080273e+00 -2.458060972250288412e+00
-1.982465110008167830e+00 -8.237002597954092842e-01
-1.114414719113488328e+00 -1.895178792222509401e+00
-1.381203638641452347e+00 -1.499115278903634607e+00
-2.274893558597868015e+00 -1.925729654259654922e+00
-2.422134880929172951e+00 -1.856068420412304576e+00
-1.921347497870200538e+00 -2.728444457198237583e+00
-1.826279939745748759e+00 -1.992128869980762884e+00
-1.180773062358165149e+00 -2.709248018167507155e+00
-1.075915619053228856e+00 -2.040658641824800057e+00
-2.085144452232459145e+00 -1.756591880144278361e+00
-1.679687620015963612e+00 -2.095084846560284042e+00
-1.510064453240355986e+00 -1.390075854614962747e+00
-1.826559389958619439e+00 -1.706833668847312691e+00
-2.366542215973022056e+00 -2.670960562586382814e+00
-2.696934485551841565e+00 -2.183359346444069260e+00
-1.108079367105703872e+00 -2.006552308629065973e+00
-1.808298973228116058e+00 -2.397127272369517392e+00
-1.858718090043177229e+00 -2.040878525059917958e+00
-1.381250001323370835e+00 -1.873729054875108657e+00
-1.085646504198361395e+00 -1.947620115331349488e+00
-1.900526518675612619e+00 -2.649439700905551032e+00
-2.494934581858787581e+00 -2.057282358932810862e+00
-1.439495633154842524e+00 -2.265678966745271694e+00
-2.297599782931420975e+00 -1.628034641546739270e+00
-2.866527188877087795e+00 -2.491178465375450291e+00
-1.124061344087189163e+00 -3.019412313664400216e+00
-2.352558495379653447e+00 -1.592702380464086076e+00
4.065234124227542267e+00 7.460787685865039043e-02
1.417619611794227241e+00 1.152677612248536931e+00
2.898161659345320995e+00 5.454499539462938085e-01
1.747601209156806057e+00 4.217758981674592511e-01
2.268089142603051833e+00 -2.811948746365291463e-01
1.039225210685632561e+00 1.884965313398735631e+00
6.874410890503239724e-01 7.529502681671432773e-01
3.978541453966062402e-01 -1.571773397427548513e+00
1.841605456990895062e+00 -7.238598996485808845e-01
1.599155074566009915e+00 4.271444977744783267e-01
1.356892500291227321e+00 -8.627905049762514267e-01
2.083699509875469591e+00 8.651666685413346158e-01
1.205041680107709290e+00 1.250446302144474275e+00
2.586324180976642406e+00 -1.136148692099458041e-01
4.218688036210473058e+00 -1.238503257273792374e-01
1.513954427933004387e+00 1.376714122788986749e-01
-1.079483822492531164e+00 7.113069929012743042e-01
1.896963123621481451e+00 -3.355905067449470036e-01
2.733186611958240420e+00 3.035395786661798656e-01
2.030854442707587193e+00 -8.403169401447588838e-01
1.299501097682949968e+00 8.421452134468266904e-01
2.748144595325326733e+00 -1.697873811443754377e+00
1.629953025982818549e+00 1.692784303143572422e-01
1.485108980043093219e+00 6.234981162486323836e-01
2.450615071814159940e+00 -6.910564710237072639e-01
1.208531594653368124e+00 1.994195852670443525e+00
2.461663805995141452e+00 -7.931414252045329016e-01
2.942750411932921750e+00 7.553578543734041917e-01
3.479082330723454852e+00 -5.285007658708511247e-02
2.784309296380130139e+00 1.257212140238750608e+00
2.768777011752482586e+00 6.679866869779529370e-01
3.407322418470696945e+00 -5.217874836252451853e-01
2.006650023708027142e+00 1.804370571545207136e-01
1.619973710715400639e+00 -6.093827578597706962e-01
1.334136454674180294e+00 -1.301167677366547482e+00
2.033397741915559553e+00 1.049235136239331734e+00
1.776392271335569095e+00 -4.559698609431594996e-01
4.601060862175330168e-01 -2.312110211984474972e+00
1.337542333451654297e+00 -1.251558558174124203e+00
1.566077748498906130e+00 1.752282024484783651e+00
2.908837185661600433e+00 3.863409965348417185e-01
1.606418597167323270e+00 -1.543830605129958622e+00
3.199699526920366743e+00 -1.611910431136954203e-01
2.622584845202179160e+00 3.626488748817915386e-01
2.906382106047944447e+00 -7.265431506229894643e-01
2.278929944527914753e+00 9.967428761973343709e-01
1.972928687590113084e+00 -8.976083958532071749e-01
1.865668064323294129e+00 -7.617139108809339865e-01
3.018638995745594578e+00 3.136542567626526834e-01
4.011042615637479436e+00 1.756898933193907109e+00
1.741920904563546646e+00 -2.727256435688472230e-02
2.111556104248410559e+00 1.190897627112640578e+00
1.765837157852228056e-01 -1.080844230383343207e+00
3.542268266377235353e-01 -6.813040803042951232e-01
2.423066899616382219e+00 -3.492275473997111801e-01
1.894645731399228428e+00 1.202000971026492421e-01
3.212275996780069587e-01 -1.711066168468973192e+00
2.297370109532403948e+00 1.050739167752814840e+00
2.476826122900467109e+00 -1.076276525193579747e+00
1.038847718211275861e+00 -8.748301662806796664e-01
5.272833116469490822e-01 7.105676788354380047e-02
3.668289686041955822e+00 -9.497375270363119792e-01
1.533525970847636088e+00 -5.328745362520300732e-01
3.152572176686196048e+00 2.387745411253883454e-01
1.395883350266128975e+00 -1.225142362276000207e-01
1.929394120494317910e+00 -1.369668232294037225e+00
2.144095573207823957e+00 -1.642316646151840809e+00
5.727299550507352066e-01 1.037106158321137173e+00
2.117683047477736391e+00 6.835896302646838896e-01
8.335411758611042110e-01 9.877119769298567387e-02
1.565103761692656192e+00 -1.028379697552900263e+00
7.730545627399609820e-02 1.939678892636512497e+00
5.736721937891555712e-01 -2.875640080310728486e+00
2.117549787501824543e+00 -7.185893247906274262e-01
2.840645320806688190e+00 7.555834832015447811e-01
2.547644809879938688e-01 1.553303545007984399e+00
7.414903118833413576e-01 2.309449101896015488e+00
1.941350828116868321e+00 9.283339422740255475e-01
2.825133925313561889e+00 1.842520385147491946e-01
2.546727603433047271e+00 -1.273576378132657672e+00
1.085580948890973341e+00 -4.779612948928917970e-01
1.826004875580414577e+00 1.521909489744121879e+00
8.279042292828631133e-01 -2.339115993330661836e-01
1.142344488181644024e+00 -9.778993222477163627e-01
2.255964797188696025e+00 -1.251782687554871543e-01
1.767054269924406951e+00 -1.160433176778719488e+00
1.484023318165085481e+00 -4.399551319383985248e-01
2.209433951157011577e+00 2.210100148612824389e-01
1.749609624226716065e+00 7.429735161585216963e-01
6.046787019565449395e-01 -7.425539292988745377e-01
1.974821500623799686e+00 2.676196003001594104e+00
2.556745700787469655e+00 1.643709314864313598e+00
4.440612356282067630e-01 4.377630883739850320e-01
1.927517895924093505e+00 1.598537155430692192e+00
2.896616486607010543e+00 5.454583558562761114e-01
2.578807027581856204e+00 -7.084402994581874280e-01
3.496214129579543695e+00 1.662836562108754190e+00
1.642525354411841887e+00 -1.350760086325189624e+00
2.147612791831149615e+00 -1.568564757991832925e+00
2.068566371718927765e+00 -1.928888043089392879e+00
3.072212714236637332e+00 1.617824008556516979e+00
3.019196660204379157e+00 2.549692413919016243e+00
5.349897845408895236e+00 1.091847588785287870e+00
2.357462149226413395e+00 5.186751364803330322e-01
7.174862561484134371e-01 1.057141482587635961e+00
2.823156729015414257e+00 -4.806799099203762915e-01
4.078620681673490900e+00 -5.619650481174432999e-01
2.577682296324051325e+00 1.471823082827222184e-01
2.417451260739151842e+00 5.292821009181065683e-01
3.933819122142784508e+00 -3.469988497779315506e-01
3.983205700289358830e+00 -1.826376446386363206e+00
2.407536726565270513e+00 -1.126033244962058699e+00
1.106728216252012231e+00 -4.060010771258938667e-02
4.137648595097853210e+00 -7.515271361455956312e-01
2.353223071653264942e+00 4.513164454301618611e-01
4.037844591969731667e+00 -3.750270715599293703e-01
2.191645028172537035e+00 -5.656647804089161291e-02
1.670742641816481688e+00 -2.128182214915764092e+00
2.730810886065448528e+00 -1.552852019122304972e-01
2.745043408859012768e+00 1.378356194708530547e+00
3.326005962469669619e+00 -6.929829821772041099e-01
1.273575004236942476e+00 2.718601602923320093e-01
3.633127530481353062e+00 2.205546639228626038e+00
1.174212290909928402e+00 -9.656169709068702922e-02
5.323440040811919793e-01 -1.196231813411612555e+00
1.811637768461080267e+00 6.723060694544523708e-01
2.400842818907213516e+00 2.696601806569370874e-01
9.729307304371963561e-01 -3.998076475503995475e-01
2.391993473755452904e+00 8.137521158607451399e-01
2.666590442822074358e+00 1.014273470502740526e+00
3.456515916485666917e+00 -1.352650789024899769e+00
1.339308635867781483e+00 -1.164928712234138075e+00
1.594939151934783306e+00 -2.096215347183561395e+00
4.503434552857225270e+00 -3.417343089810177814e-02
3.623187481195872195e+00 -2.156965104727005755e+00
1.431167193556650341e+00 4.552801575946930912e-01
8.441384468508423833e-01 -1.192523564652578694e+00
1.171709429383934520e+00 -4.331277645732329873e-01
3.807896759274222553e+00 -3.128457497166957868e+00
3.860853397961919953e+00 1.622714909484743062e+00
3.017601812449355325e+00 5.246225749804311889e-01
2.092969641381254853e+00 9.850629578268651487e-01
3.505965573935524660e+00 -8.438816361985427283e-01
7.299588998860426781e-01 5.399164940165284143e-01
1.694921909157508066e+00 1.167855031295508494e+00
3.419740278169011383e+00 -8.768944277228873929e-01
8.448349524076645967e-01 -2.535873511183901474e-01
4.136101994896080214e+00 7.270691169815399202e-02
1.198867571797363585e+00 2.312836875555764227e+00
2.660113397479301867e+00 1.150625779944911775e+00
-8.108033659780629065e-01 -1.083268352423482961e+00
1.312289748205046624e+00 -1.165885123627819597e+00
2.981058531329190409e+00 1.220595992031842242e-01
7.541718258803444819e-01 -7.277802059496358833e-01
1.800726526868071442e+00 6.945878679346354501e-01
1.916338293513563551e+00 1.137512364125575548e+00
2.346115808731195518e+00 7.686387520332913503e-01
8.660273747863078686e-01 5.270830432003488220e-01
2.509442952094714130e+00 6.467907666348891860e-02
2.021555595894792390e+00 -6.148851077634515799e-02
3.299357658738411470e+00 1.290706067728919715e+00
3.220080372255551104e+00 7.580462100268563486e-01
9.963804968569478504e-01 -1.406509322874776924e+00
2.273226487583597244e+00 3.006544469797974850e-01
8.355047440190819241e-01 -1.430703249444308101e-01
2.609111067574042764e+00 -9.676226306757930162e-01
-3.003547366498127147e-02 -1.804826790396016456e+00
3.308716516299951671e+00 1.254628363817395176e+00
1.486963968076286502e+00 -2.219366627183233298e+00
2.432153346129552585e+00 -7.686012568224334096e-01
2.820421945918280215e+00 6.884796950603560006e-01
3.526727846093166363e+00 -1.808037140066380832e+00
3.966534075635439027e+00 7.215278529901475446e-02
3.330271460280542328e+00 -3.425525941869628915e-02
1.748630047624857742e+00 -3.715474374979602645e-01
3.251965043233037367e+00 -6.082405332645058893e-01
2.070038356753988840e+00 -1.869467945919605755e-03
2.473078373142894915e+00 1.158946014296305282e+00
1.920372608571520479e+00 2.109548981822463309e-01
3.243713393349266561e+00 2.239159404309599422e-01
2.908127615638460561e+00 -4.543758826099651982e-01
2.005743308775943756e+00 -1.723152142884015969e+00
2.532835857612285135e+00 -5.018621055061307512e-01
3.111826310034871312e+00 -5.201966627603125115e-01
3.635738988656334048e+00 -8.308820329344092370e-02
2.075806270633211437e+00 5.196535714008913842e-02
1.625103956808310102e+00 3.234828629381313880e-01
3.065508732445842988e+00 8.569678202395831709e-03
1.641797513981607448e+00 -5.579459770278029085e-01
1.396621072471370351e+00 -4.791178458739099311e-01
1.157274274852672313e+00 3.112431425054303369e-01
2.420558599276875444e+00 -1.847313760631521085e+00
2.614990245469085650e+00 -1.107453686851490593e+00
3.866030501999410784e+00 -5.102599837244655573e-02
2.069821032581627751e+00 1.563140636163388830e+00
3.131118258666393928e+00 -6.254699646285334369e-01
2.062808808366881408e+00 -5.380335815810113331e-01
4.094932802863484156e+00 -1.294787164421956627e+00
1.955616851015903102e+00 3.588304849173370670e+00
2.145053898888252597e+00 -1.414098127376191283e-01
2.519885625677778851e+00 -5.596307932560521392e-01
2.819831751968288724e+00 -2.352147868706535028e-01
1.116682263118562224e+00 -7.727644664607331570e-01
2.410233992718930462e+00 6.437530739876117236e-01
1.526263144104767155e+00 -2.780735097687649038e+00
1.202630816612642484e+00 -6.811711075693679396e-01
3.004860309149240294e+00 5.960633992246838764e-01
8.091062217021876002e-01 -1.513305662861580636e+00
2.613737756368885279e+00 1.086387961022026616e+00
2.706047588681300464e+00 -9.083760670288957284e-01
2.482106871485724842e+00 1.149346046137366573e+00
2.292665327147540566e+00 1.714392808858813955e-01
3.551837366640992144e+00 1.251291343698138325e+00
2.933298752984621505e+00 6.955005176728810135e-01
3.681171646811574938e+00 -8.723678841624490365e-01
2.253330335883892754e+00 1.469316656119918907e+00
2.342959177971262630e+00 -6.673431007919350400e-01
2.570901491943525130e+00 -2.588772974649513822e-02
1.077741419152487445e+00 -5.525058448898612085e-01
2.320461207118369451e+00 -1.043596636355691665e+00
1.858868797074113566e+00 5.019283900211732874e-01
5.899978469067341802e-01 1.268775649890262258e+00
1.868791219271982662e+00 -1.205325412719180145e+00
2.179702715678689451e+00 -1.981908219741083776e+00
2.388422522880412124e+00 -5.929535983676778033e-01
2.013501795482204315e+00 1.108227000262984735e-01
2.279443624299182236e+00 7.336823164961953081e-01
1.532269873772508673e+00 -1.238824414662509366e+00
1.304875261101325901e+00 4.793165572138357033e-01
3.076256944406094540e+00 -5.192236824419497326e-02
1.283601917155359207e-01 4.225223792646975451e-01
2.561578383778092327e+00 -4.860813902176704948e-01
8.751058046336217533e-01 -1.085817066139114079e-01
1.507430014586216949e+00 5.004874343523958435e-01
2.707053134729056953e+00 -1.328246500467570090e+00
3.055238681146867918e-01 -2.829280702004802750e-01
3.325577740896243473e+00 8.189185639226038982e-02
2.343952204497222525e+00 -1.337712931947841577e+00
2.144698932703884342e+00 1.136047496575832261e+00
2.521734930828486210e+00 1.590289537719470792e+00
3.975423455884041335e+00 2.803235822715489101e-01
7.217561535776637616e-01 7.283849962652348964e-01
2.199390469016275329e+00 -1.998107637183256902e+00
1.461632716701787071e+00 -2.007911199658059864e+00
1.193926722947108665e+00 -7.902473549867821551e-03
9.364882775841036899e-01 -4.019957165037830182e-01
1.476141593334410640e+00 -7.467896156645978389e-02
2.531548937488968143e+00 1.396280430888760193e+00
7.095927849579248825e-01 -1.032464343286856323e+00
-1.142001670132072100e+00 -1.637668072469476710e-01
2.315999047598219285e+00 -8.805046906350576519e-01
2.839708866983124746e+00 7.678449394616085888e-01
1.896629654484353056e+00 -3.817811210676423928e-01
6.663607414708860865e-02 -4.513440113048078905e-01
1.690791089859208673e+00 1.201952327627614919e-01
2.617159628234947633e+00 -5.936731976385178911e-01
1.893647207940339028e+00 -2.159278681266161293e-01
1.267574010169364218e+00 -1.162621589994075194e-01
6.530193278272975466e-01 -1.139410324922756734e+00
1.650885791841970596e+00 -5.971792277665806115e-01
1.116450816707649452e+00 1.683428289678296774e-01
1.083343617404921133e+00 -7.467463288566622559e-02
1.451530954382862948e+00 -2.260040503013427057e-02
1.247630732444862556e+00 -3.518434422698563657e-01
2.929807581579161990e+00 -1.123808472675067893e+00
8.613964894872698785e-01 6.862854465309455865e-01
1.198746507019127217e+00 5.839345004600458022e-01
8.378167055496479332e-01 -8.161574806329791043e-01
1.769413584898494651e+00 -1.948890874310077903e+00
3.269776156423653379e+00 1.839216098464656834e+00
2.065413643964463919e+00 2.881000491641154126e-01
6.730292322181476994e-01 1.596580332960349444e-02
1.473020340265325245e+00 -1.699545117976840825e+00
1.761947704695994155e+00 -2.080733804531444964e+00
3.984244014445020188e+00 -3.441684062938630828e-01
3.087529474868718538e+00 -1.564597761260424047e+00
1.750230182268231793e+00 1.470135718603582609e+00
2.674515535564657043e+00 7.874036509821485952e-01
1.703862452127651750e+00 4.808068021448078100e-01
2.503290375190396766e+00 -3.899941194024891811e-01
2.898894339385314378e+00 6.581814200360402989e-01
3.027469296567185886e+00 9.508826278033227775e-02
1.898625846401693629e+00 -1.559831634286190427e+00
1.582690644483028208e+00 1.070565673584345845e+00
8.852054890453311398e-01 -1.200798550992088876e+00
1.273632794356151177e+00 -2.206037648699152587e-01
1.082081579634404989e+00 1.422592618021527144e+00
3.762110896219089451e+00 -4.305215576995181093e-01
2.898149410486068334e+00 -8.846943894459284863e-01
2.125305492592690193e+00 -3.152598635804661598e+00
1.402281799156462228e+00 -1.746395630562651791e+00
3.503533667760971859e+00 -1.195657143246452447e+00
1.745763888596542746e+00 -2.310254170828551779e-01
1.656098866069399822e+00 2.225179550493611824e+00
1.601740186790606923e+00 3.209730437040760886e-01
3.740042925665548523e+00 -1.089179599900202272e-01
2.315349723195107234e+00 2.737848436706488142e-01
3.096859208378307748e+00 -1.335526426580147641e+00
3.200061397892772774e+00 -6.084157149653488528e-01
1.147261909618614961e+00 8.005817766533167568e-01
3.379911181682984100e+00 -7.102667280937867700e-01
2.014566094282284947e+00 -5.162081106766380767e-01
3.289824874220785844e+00 1.030849277234851119e-01
1.109417099299041753e+00 -5.624358231146001641e-01
2.863163814194846779e-02 1.913250016939294529e+00
2.155437532710476223e+00 -5.319869999071742406e-01
3.126423676873356428e+00 1.828445448252686845e+00
1.956615085691612022e+00 2.698768528622188079e+00
1.364081224146022731e+00 4.758633734529488235e-01
3.310697555915055545e+00 -2.060866569666835735e-01
2.045356992575945831e+00 2.159075928450486515e-01
1.602423158572152451e+00 -5.766861354518628691e-01
1.578608702377079620e+00 2.774820055147714792e-01
2.084318912297170812e+00 -3.148965344361106533e-01
1.222941342735098802e+00 1.162356533013723658e-01
6.738647358980127677e-01 -1.496898797047605756e+00
7.235650886727029718e-01 2.110796201304906194e+00
2.736261776076382546e+00 -1.980222694300516062e-01
2.120123366615512150e+00 5.927808588283939306e-01
1.775872918952263735e+00 -5.772279162174460687e-01
2.012760079992843121e+00 -8.997462488190060004e-01
2.543054254546946780e+00 -2.793134142842446099e-01
2.723139591336379617e+00 -1.425404482453793253e+00
2.318256954208247400e+00 -7.298469502900606365e-01
2.101460792918540488e+00 1.321095299075088159e+00
1.880677714185522875e+00 -1.409226407334583264e+00
2.680719717947538605e+00 1.751298631634988556e+00
7.891295272967011609e-01 -1.747173833531739051e+00
2.664559586773667554e+00 -9.376121567017204894e-01
2.193030843107734995e+00 -3.525212575847035817e-02
2.935667723498292414e+00 1.266619598029966820e+00
4.277531405774338324e+00 3.429638994784171557e-01
2.765987561136198369e+00 -7.597260013709212778e-01
4.149898927886572775e-01 4.003126704035169792e-01
1.145944799850289186e-01 2.269164793469465313e-01
9.475355725674676766e-01 -2.276774533020268360e-02
1.766339407569201825e+00 4.288479178318288509e-01
2.469562018316773244e+00 -9.896866731008417961e-01
1.043054315974522472e+00 3.858325284873555527e-01
-9.376276582714737629e-02 4.834469180361466306e-02
2.611452870790440972e+00 2.452020418845232363e+00
1.908649673427643245e+00 1.155222610080699069e-01
3.096635150005798920e+00 -2.672080252973580428e-01
2.319083594292649320e+00 1.775572797999975527e-01
1.894059602547403909e+00 5.652233844732277301e-01
4.281215351149398884e+00 -7.933205037539008408e-01
1.219768599375821605e+00 4.894571500258435709e-02
3.128638898403360624e+00 -1.108264041977861103e+00
1.422633175371643244e+00 2.104690083435890868e-01
7.075618704141861670e-01 1.855330573427313112e+00
2.095310936151670411e+00 -7.068212727370136728e-01
1.986413683472035618e+00 -8.417861361918955732e-01
1.161941621788141976e+00 3.770495680096074831e-01
2.066772983515375639e+00 -2.075458557774056079e+00
1.438026903880242902e+00 -1.573605446472095548e-01
1.625103574794918959e+00 1.664879706218126421e-01
2.224963382900100317e+00 -1.065945040507251251e+00
2.558208816677785880e+00 -7.130918562540612404e-01
2.988130437581130394e+00 5.894611679942881599e-01
9.312589421849246651e-01 -7.265383274653853807e-01
3.093570580522633229e+00 3.809647730689055822e-01
1.147425798927322882e+00 -5.370647502474514834e-01
3.120100225079174727e+00 2.060801828654144963e+00
2.893082292458680538e+00 -4.113200733272344700e-01
8.932114453281700950e-01 1.674765630898067126e-01
2.091786115370273258e+00 2.496227113578285417e-01
3.148093814983692340e+00 2.864870214398452797e-01
6.996463882932060230e-01 -1.264404772861583481e+00
2.018235311319675596e+00 1.843905662114462829e-01
5.965124223150108929e-01 -1.198701984114885155e+00
3.289593718522128007e+00 -8.579213100532230296e-01
1.973897295409630992e+00 -8.878270880353346106e-01
3.022516857468876328e+00 1.844958460981412474e+00
1.625698247267242991e+00 -3.725275080772961767e-01
3.320130873050825215e+00 1.047800745147577040e+00
2.638847985025112308e+00 -1.959274930986082630e+00
1.955095192748846022e+00 1.323104297505604432e+00
2.575824506160253158e+00 -4.936538459224732445e-01
2.708042476839096047e+00 -1.264456909396207474e+00
2.109079711225782194e+00 -4.399846887595847411e-01
2.062390800885300024e+00 4.395492065319621666e-01
1.797727916812946525e+00 -1.637373557151982739e+00
2.386480013605488004e+00 -1.114998217074174292e-01
3.113895180024927711e+00 -1.704879305975695480e+00
2.074388001867372378e+00 -1.828698239303596651e+00
2.384472675775473061e+00 2.787796174401284688e-01
1.892825838479843759e+00 8.434651351160268318e-01
1.899947833226739213e+00 2.137040238239389822e+00
2.639818610727528991e+00 9.883430040503150549e-01
3.521947559807500738e+00 -1.520316332585597952e+00
1.844757614487565256e+00 5.086458203228082509e-01
1.777561445109461014e+00 -5.535778892691346487e-01
2.426580517284628424e+00 -1.762208360833143805e+00
1.950494740644822533e+00 2.881450211325997657e-02
2.806268317579859062e+00 -4.717115697827815590e-01
1.004297565863219610e+00 -6.017621759868301279e-01
2.812984046505166980e+00 -1.177082537873694212e+00
3.582615938286604518e+00 -6.444744488236000546e-01
-3.870787443839414088e-01 2.017375218083847788e+00
1.922830706871358375e+00 -8.616455945205957478e-01
1.849942842795839315e+00 -1.387322649183742929e+00
2.675853422098890988e+00 -4.540260971836900250e-01
2.221579122565743969e+00 2.347086440283605580e-01
9.104120418517727131e-01 -9.092841956509765122e-01
1.388474224945696500e+00 1.260179895641741599e+00
-4.420458641729707594e-01 -7.743598516834351853e-02
2.830193570977912021e+00 1.874250653737320194e-01
3.007964757047993043e+00 -4.216583780955973637e-01
1.508885299028524418e+00 -7.553594315559719607e-01
4.146187337411163298e+00 -9.053783420531083537e-02
2.044815623480808142e+00 -1.875164687281953846e-01
3.929263056647661401e+00 -1.314293338978788528e+00
1.104240661488813835e+00 -1.424074169306092763e+00
1.579569125037633581e+00 4.128686691055635238e-01
4.320285592095828520e+00 -4.891564149482945378e-01
1.994457576855882763e+00 -4.724575831452897945e-01
2.353858132197393260e+00 9.121195076017488690e-01
3.502191703293741298e+00 -1.068465420502622137e-01
2.986211269661573908e+00 -3.447388698072710866e-01
8.949873863934121321e-01 1.353097484510693282e-01
1.809628064851873885e+00 -8.867386615723830134e-01
2.165159112829304178e+00 -6.082636065565475425e-01
2.007786572946990145e+00 -1.436771907801653425e+00
5.040248684207224716e-01 3.425130124267612430e-01
2.698395709921114882e+00 -8.775784204353251905e-01
1.725398089570954419e+00 -4.669537320864374785e-01
2.255086145486514315e+00 -4.741369208673629765e-01
3.447296129329721737e+00 9.660107139971579882e-01
3.555164559856466511e+00 -5.611201285561051577e-01
1.970162845193916823e+00 -1.453335918026811946e+00
3.656869261116462599e+00 5.575846164032731700e-01
2.160111065681725506e+00 -5.806584381273172113e-01
2.240616426547995310e+00 -6.205778289203252029e-01
1.225118381166206083e+00 4.427478315698273881e-01
4.600280397836944424e-01 2.832402878691766546e-01
2.885520360643853088e+00 -4.384740838740114888e-01
1.723209642606639891e+00 -1.026533511076326510e+00
5.283615344992188767e+00 1.051584105665313462e+00
1.757601589701666356e+00 -5.605331017265469118e-01
1.721645689961040393e+00 -1.070505727772297355e+00
1.807644782546038442e+00 -5.019003068741531015e-01
2.124863217527616754e+00 2.332169726796380349e-01
1.203714920617729778e+00 -5.392479350695419948e-02
7.919612200480741215e-01 -4.532613384050165894e-01
2.837556981657792576e+00 3.249647474153467552e-01
2.263693403766880330e+00 2.662245879137711491e+00
-3.521526730041273368e-01 1.008946826647136169e-01
2.797203091503690064e+00 4.139856621381933499e-02
2.900505030027566100e+00 -2.315622045975778587e+00
3.866946846402254945e-01 -1.090322271638251461e+00
2.157069811857434516e+00 8.096029846602514901e-01
7.069335308176196708e-01 -9.653620216955970390e-01
1.606098066773093969e+00 1.194400999130036167e+00
3.611896841893903698e+00 9.620081706047659553e-01
3.316577330330795270e+00 4.617821827706515836e-01
8.916048614090648083e-01 1.286239915757218855e+00
1.559708819042347372e+00 -2.429545884931127719e-01
2.962665927856311665e+00 6.734077069858336595e-02
2.591489378799223697e+00 -1.495600434052489103e+00
2.421053259574057037e+00 -8.656078158679419987e-02
1.154639999135923301e+00 -7.790934133415020613e-01
1.703619423482217510e+00 -6.524708114688786420e-01
8.555670748769355072e-01 -8.961875959689610260e-01
3.279906238350779546e+00 1.289582241694239295e+00
1.298891909692628133e+00 -6.413649240998860190e-02
2.777703269273146702e+00 1.444423579347173359e+00
2.851547449608225371e+00 5.883958583171053358e-02
2.017073854644364506e+00 5.042555413237621575e-01
1.560935800151246777e+00 -8.151303664207633082e-01
2.404628418193295758e+00 -7.629931989922629221e-01
9.093835350969512454e-01 -1.188932813727991311e+00
1.957148695551763851e+00 -1.288236822534579940e+00
1.592832709678755121e+00 1.226051911739447942e+00
1.517068337807200296e+00 -1.640850834853210538e-01
2.161415794535908486e+00 -1.417584867692591732e+00
4.002038817661604853e+00 -1.806099827495383892e+00
2.198311195844913524e+00 1.964304321829189792e+00
4.862310837616967696e-01 -1.373780822821832059e-01
3.460757192653343139e+00 -1.244241102846533886e+00
1.853888153955528084e+00 -3.731967847081350542e-01
3.461975414452429511e+00 2.083608023729071335e-01
1.603366227168796065e+00 -1.055899883666421291e+00
1.929579480156044857e+00 -8.501167369142551000e-02
1.936695306205323819e+00 7.674302727926207712e-01
1.161983655310764085e+00 1.896596816453768597e-01
1.853539926768174029e+00 -6.351955836001361710e-01
1.810808850052216590e+00 1.285358254121862220e+00
2.068241323806037979e+00 3.251605042791912981e-01
2.748820040129078102e+00 7.663543633960746559e-01
8.257383547637553445e-01 1.025516997922683471e+00
-2.213719992682543491e-01 5.415434785614406388e-02
2.848601062414540586e+00 -1.094122375589928753e-01
1.720304664248932580e+00 -5.248633113544640127e-02
1.087459685233163054e-01 -5.090298534025775590e-01
2.474896206711237223e+00 -1.296632930444734599e+00
2.894729288889526408e+00 -4.430982599654207377e-01
2.975702576117582598e+00 3.673949301642739362e-01
3.004742633895858717e+00 4.063460260877975183e-01
1.269511485101175730e+00 5.788473924450886487e-01
2.276204222746144978e+00 -5.453408259494036958e-01
