-3.576045654350251013e+00 -2.475033685803087469e+00
-1.514072043499329112e+00 -1.683393736353395509e+00
-2.475283805815383875e+00 -1.602070988977848831e+00
-2.335733719596571500e+00 -6.477855447770634045e-01
-2.475283805815383875e+00 -1.602070988977848831e+00
-2.475283805815383875e+00 -1.602070988977848831e+00
-2.475283805815383875e+00 -1.602070988977848831e+00
-2.475283805815383875e+00 -1.602070988977848831e+00
-1.653622129718141265e+00 -2.637679180554180824e+00
-2.475283805815383875e+00 -1.602070988977848831e+00
-3.436495568131438638e+00 -1.520748241602302153e+00
-2.475283805815383875e+00 -1.602070988977848831e+00
-2.475283805815383875e+00 -1.602070988977848831e+00
-2.475283805815383875e+00 -1.602070988977848831e+00
-2.614833892034196250e+00 -2.556356433178634369e+00
-1.514072043499329112e+00 -1.683393736353395509e+00
-3.296945481912626263e+00 -5.664627974015167267e-01
-2.475283805815383875e+00 -1.602070988977848831e+00
-2.475283805815383875e+00 -1.602070988977848831e+00
-1.514072043499329112e+00 -1.683393736353395509e+00
-2.475283805815383875e+00 -1.602070988977848831e+00
-2.614833892034196250e+00 -2.556356433178634369e+00
-1.374521957280516737e+00 -7.291082921526101934e-01
-2.475283805815383875e+00 -1.602070988977848831e+00
-2.475283805815383875e+00 -1.602070988977848831e+00
-5.528602811832742381e-01 -1.764716483728942409e+00
-1.514072043499329112e+00 -1.683393736353395509e+00
-2.475283805815383875e+00 -1.602070988977848831e+00
-2.475283805815383875e+00 -1.602070988977848831e+00
-1.514072043499329112e+00 -1.683393736353395509e+00
-2.475283805815383875e+00 -1.602070988977848831e+00
-2.475283805815383875e+00 -1.602070988977848831e+00
-2.475283805815383875e+00 -1.602070988977848831e+00
-1.514072043499329112e+00 -1.683393736353395509e+00
-2.475283805815383875e+00 -1.602070988977848831e+00
-1.374521957280516737e+00 -7.291082921526101934e-01
-2.475283805815383875e+00 -1.602070988977848831e+00
-2.475283805815383875e+00 -1.602070988977848831e+00
-1.653622129718141265e+00 -2.637679180554180824e+00
-2.475283805815383875e+00 -1.602070988977848831e+00
-2.475283805815383875e+00 -1.602070988977848831e+00
-2.335733719596571500e+00 -6.477855447770634045e-01
-3.297276143052834119e+00 -5.555746673968469107e-01
-2.335733719596571500e+00 -6.477855447770634045e-01
-1.653622129718141265e+00 -2.637679180554180824e+00
-2.475283805815383875e+00 -1.602070988977848831e+00
-2.335733719596571500e+00 -6.477855447770634045e-01
-2.335733719596571500e+00 -6.477855447770634045e-01
-2.335733719596571500e+00 -6.477855447770634045e-01
-2.475283805815383875e+00 -1.602070988977848831e+00
-3.576045654350251013e+00 -2.475033685803087469e+00
-2.475283805815383875e+00 -1.602070988977848831e+00
-3.436495568131438638e+00 -1.520748241602302153e+00
-2.475283805815383875e+00 -1.602070988977848831e+00
-2.335733719596571500e+00 -6.477855447770634045e-01
-2.475283805815383875e+00 -1.602070988977848831e+00
-1.653622129718141265e+00 -2.637679180554180824e+00
-2.475283805815383875e+00 -1.602070988977848831e+00
-1.514072043499329112e+00 -1.683393736353395509e+00
-2.475283805815383875e+00 -1.602070988977848831e+00
-2.475283805815383875e+00 -1.602070988977848831e+00
-1.374521957280516737e+00 -7.291082921526101934e-01
-2.475283805815383875e+00 -1.602070988977848831e+00
-2.614833892034196250e+00 -2.556356433178634369e+00
-2.475283805815383875e+00 -1.602070988977848831e+00
-2.475283805815383875e+00 -1.602070988977848831e+00
-3.436495568131438638e+00 -1.520748241602302153e+00
-2.475283805815383875e+00 -1.602070988977848831e+00
-2.475283805815383875e+00 -1.602070988977848831e+00
-2.475283805815383875e+00 -1.602070988977848831e+00
-2.475283805815383875e+00 -1.602070988977848831e+00
-2.475283805815383875e+00 -1.602070988977848831e+00
-1.514072043499329112e+00 -1.683393736353395509e+00
-2.475283805815383875e+00 -1.602070988977848831e+00
-3.436495568131438638e+00 -1.520748241602302153e+00
-3.436495568131438638e+00 -1.520748241602302153e+00
-2.335733719596571500e+00 -6.477855447770634045e-01
-1.653622129718141265e+00 -2.637679180554180824e+00
-2.475283805815383875e+00 -1.602070988977848831e+00
-2.475283805815383875e+00 -1.602070988977848831e+00
-2.335733719596571500e+00 -6.477855447770634045e-01
-1.374521957280516737e+00 -7.291082921526101934e-01
-2.614833892034196250e+00 -2.556356433178634369e+00
-2.475283805815383875e+00 -1.602070988977848831e+00
-2.475283805815383875e+00 -1.602070988977848831e+00
-1.514072043499329112e+00 -1.683393736353395509e+00
-2.335733719596571500e+00 -6.477855447770634045e-01
-2.614833892034196250e+00 -2.556356433178634369e+00
-3.296945481912626263e+00 -5.664627974015167267e-01
-2.475283805815383875e+00 -1.602070988977848831e+00
-2.614833892034196250e+00 -2.556356433178634369e+00
-2.475283805815383875e+00 -1.602070988977848831e+00
-2.335733719596571500e+00 -6.477855447770634045e-01
-2.335733719596571500e+00 -6.477855447770634045e-01
-2.335733719596571500e+00 -6.477855447770634045e-01
-2.475283805815383875e+00 -1.602070988977848831e+00
-1.514072043499329112e+00 -1.683393736353395509e+00
-1.514072043499329112e+00 -1.683393736353395509e+00
-3.436495568131438638e+00 -1.520748241602302153e+00
-1.514072043499329112e+00 -1.683393736353395509e+00
-2.614833892034196250e+00 -2.556356433178634369e+00
-2.475283805815383875e+00 -1.602070988977848831e+00
-2.475283805815383875e+00 -1.602070988977848831e+00
-2.475283805815383875e+00 -1.602070988977848831e+00
-2.335733719596571500e+00 -6.477855447770634045e-01
-2.475283805815383875e+00 -1.602070988977848831e+00
-1.653622129718141265e+00 -2.637679180554180824e+00
-1.514072043499329112e+00 -1.683393736353395509e+00
-1.514072043499329112e+00 -1.683393736353395509e+00
-2.475283805815383875e+00 -1.602070988977848831e+00
-2.335733719596571500e+00 -6.477855447770634045e-01
-2.475283805815383875e+00 -1.602070988977848831e+00
-2.475283805815383875e+00 -1.602070988977848831e+00
-2.614833892034196250e+00 -2.556356433178634369e+00
-1.514072043499329112e+00 -1.683393736353395509e+00
-2.475283805815383875e+00 -1.602070988977848831e+00
-2.475283805815383875e+00 -1.602070988977848831e+00
-2.335733719596571500e+00 -6.477855447770634045e-01
-1.374521957280516737e+00 -7.291082921526101934e-01
-2.475283805815383875e+00 -1.602070988977848831e+00
-2.475283805815383875e+00 -1.602070988977848831e+00
-2.475283805815383875e+00 -1.602070988977848831e+00
-2.475283805815383875e+00 -1.602070988977848831e+00
-1.514072043499329112e+00 -1.683393736353395509e+00
-2.475283805815383875e+00 -1.602070988977848831e+00
-2.475283805815383875e+00 -1.602070988977848831e+00
-2.475283805815383875e+00 -1.602070988977848831e+00
-1.514072043499329112e+00 -1.683393736353395509e+00
-2.614833892034196250e+00 -2.556356433178634369e+00
-2.475283805815383875e+00 -1.602070988977848831e+00
-1.514072043499329112e+00 -1.683393736353395509e+00
-2.614833892034196250e+00 -2.556356433178634369e+00
-2.475283805815383875e+00 -1.602070988977848831e+00
-3.436495568131438638e+00 -1.520748241602302153e+00
-2.614833892034196250e+00 -2.556356433178634369e+00
-1.514072043499329112e+00 -1.683393736353395509e+00
-2.475283805815383875e+00 -1.602070988977848831e+00
-2.475283805815383875e+00 -1.602070988977848831e+00
-3.436495568131438638e+00 -1.520748241602302153e+00
-1.514072043499329112e+00 -1.683393736353395509e+00
-2.475283805815383875e+00 -1.602070988977848831e+00
-2.475283805815383875e+00 -1.602070988977848831e+00
-2.475283805815383875e+00 -1.602070988977848831e+00
-2.475283805815383875e+00 -1.602070988977848831e+00
-2.614833892034196250e+00 -2.556356433178634369e+00
-1.514072043499329112e+00 -1.683393736353395509e+00
-1.514072043499329112e+00 -1.683393736353395509e+00
-2.475283805815383875e+00 -1.602070988977848831e+00
-1.514072043499329112e+00 -1.683393736353395509e+00
-1.514072043499329112e+00 -1.683393736353395509e+00
-1.514072043499329112e+00 -1.683393736353395509e+00
-2.475283805815383875e+00 -1.602070988977848831e+00
-1.374521957280516737e+00 -7.291082921526101934e-01
-2.475283805815383875e+00 -1.602070988977848831e+00
-1.514072043499329112e+00 -1.683393736353395509e+00
-2.335733719596571500e+00 -6.477855447770634045e-01
-2.475283805815383875e+00 -1.602070988977848831e+00
-2.475283805815383875e+00 -1.602070988977848831e+00
-2.475283805815383875e+00 -1.602070988977848831e+00
-2.475283805815383875e+00 -1.602070988977848831e+00
-2.475283805815383875e+00 -1.602070988977848831e+00
-2.614833892034196250e+00 -2.556356433178634369e+00
-1.514072043499329112e+00 -1.683393736353395509e+00
-2.614833892034196250e+00 -2.556356433178634369e+00
-2.475283805815383875e+00 -1.602070988977848831e+00
-1.514072043499329112e+00 -1.683393736353395509e+00
-2.335733719596571500e+00 -6.477855447770634045e-01
-3.436495568131438638e+00 -1.520748241602302153e+00
-2.614833892034196250e+00 -2.556356433178634369e+00
-1.514072043499329112e+00 -1.683393736353395509e+00
-2.475283805815383875e+00 -1.602070988977848831e+00
-2.614833892034196250e+00 -2.556356433178634369e+00
-2.614833892034196250e+00 -2.556356433178634369e+00
-2.614833892034196250e+00 -2.556356433178634369e+00
-2.614833892034196250e+00 -2.556356433178634369e+00
-2.475283805815383875e+00 -1.602070988977848831e+00
-2.475283805815383875e+00 -1.602070988977848831e+00
-1.514072043499329112e+00 -1.683393736353395509e+00
-3.576045654350251013e+00 -2.475033685803087469e+00
-1.514072043499329112e+00 -1.683393736353395509e+00
-2.614833892034196250e+00 -2.556356433178634369e+00
-2.475283805815383875e+00 -1.602070988977848831e+00
-1.514072043499329112e+00 -1.683393736353395509e+00
-2.335733719596571500e+00 -6.477855447770634045e-01
-1.514072043499329112e+00 -1.683393736353395509e+00
-1.514072043499329112e+00 -1.683393736353395509e+00
-1.514072043499329112e+00 -1.683393736353395509e+00
-2.614833892034196250e+00 -2.556356433178634369e+00
-2.475283805815383875e+00 -1.602070988977848831e+00
-2.335733719596571500e+00 -6.477855447770634045e-01
-2.475283805815383875e+00 -1.602070988977848831e+00
-2.475283805815383875e+00 -1.602070988977848831e+00
-1.514072043499329112e+00 -1.683393736353395509e+00
-3.436495568131438638e+00 -1.520748241602302153e+00
-2.475283805815383875e+00 -1.602070988977848831e+00
-2.475283805815383875e+00 -1.602070988977848831e+00
-1.374521957280516737e+00 -7.291082921526101934e-01
-1.514072043499329112e+00 -1.683393736353395509e+00
-2.475283805815383875e+00 -1.602070988977848831e+00
-3.436495568131438638e+00 -1.520748241602302153e+00
-1.514072043499329112e+00 -1.683393736353395509e+00
-2.614833892034196250e+00 -2.556356433178634369e+00
-2.335733719596571500e+00 -6.477855447770634045e-01
-2.475283805815383875e+00 -1.602070988977848831e+00
-2.614833892034196250e+00 -2.556356433178634369e+00
-3.436495568131438638e+00 -1.520748241602302153e+00
-2.475283805815383875e+00 -1.602070988977848831e+00
-1.514072043499329112e+00 -1.683393736353395509e+00
-2.475283805815383875e+00 -1.602070988977848831e+00
-1.514072043499329112e+00 -1.683393736353395509e+00
-2.475283805815383875e+00 -1.602070988977848831e+00
-2.475283805815383875e+00 -1.602070988977848831e+00
-2.196514294517966981e+00 3.173880294283916714e-01
-2.475283805815383875e+00 -1.602070988977848831e+00
-2.475283805815383875e+00 -1.602070988977848831e+00
-1.514072043499329112e+00 -1.683393736353395509e+00
-2.475283805815383875e+00 -1.602070988977848831e+00
-1.514072043499329112e+00 -1.683393736353395509e+00
-2.475283805815383875e+00 -1.602070988977848831e+00
-2.475283805815383875e+00 -1.602070988977848831e+00
-2.475283805815383875e+00 -1.602070988977848831e+00
-1.374521957280516737e+00 -7.291082921526101934e-01
-2.614833892034196250e+00 -2.556356433178634369e+00
-1.514072043499329112e+00 -1.683393736353395509e+00
-2.475283805815383875e+00 -1.602070988977848831e+00
-3.296945481912626263e+00 -5.664627974015167267e-01
-1.514072043499329112e+00 -1.683393736353395509e+00
-1.514072043499329112e+00 -1.683393736353395509e+00
-1.514072043499329112e+00 -1.683393736353395509e+00
-2.475283805815383875e+00 -1.602070988977848831e+00
-2.475283805815383875e+00 -1.602070988977848831e+00
-3.436495568131438638e+00 -1.520748241602302153e+00
-2.475283805815383875e+00 -1.602070988977848831e+00
-2.475283805815383875e+00 -1.602070988977848831e+00
-2.475283805815383875e+00 -1.602070988977848831e+00
-2.335733719596571500e+00 -6.477855447770634045e-01
-1.514072043499329112e+00 -1.683393736353395509e+00
-1.514072043499329112e+00 -1.683393736353395509e+00
-1.374521957280516737e+00 -7.291082921526101934e-01
-3.576045654350251013e+00 -2.475033685803087469e+00
-2.475283805815383875e+00 -1.602070988977848831e+00
-2.335733719596571500e+00 -6.477855447770634045e-01
-3.296945481912626263e+00 -5.664627974015167267e-01
-2.335733719596571500e+00 -6.477855447770634045e-01
-2.614833892034196250e+00 -2.556356433178634369e+00
-2.475283805815383875e+00 -1.602070988977848831e+00
-1.514072043499329112e+00 -1.683393736353395509e+00
-2.475283805815383875e+00 -1.602070988977848831e+00
-2.614833892034196250e+00 -2.556356433178634369e+00
-2.475283805815383875e+00 -1.602070988977848831e+00
-2.475283805815383875e+00 -1.602070988977848831e+00
-2.475283805815383875e+00 -1.602070988977848831e+00
-2.475283805815383875e+00 -1.602070988977848831e+00
-2.614833892034196250e+00 -2.556356433178634369e+00
-3.436495568131438638e+00 -1.520748241602302153e+00
-2.475283805815383875e+00 -1.602070988977848831e+00
-2.475283805815383875e+00 -1.602070988977848831e+00
-2.475283805815383875e+00 -1.602070988977848831e+00
-2.475283805815383875e+00 -1.602070988977848831e+00
-2.335733719596571500e+00 -6.477855447770634045e-01
-1.514072043499329112e+00 -1.683393736353395509e+00
-2.335733719596571500e+00 -6.477855447770634045e-01
-2.614833892034196250e+00 -2.556356433178634369e+00
-2.614833892034196250e+00 -2.556356433178634369e+00
-3.436495568131438638e+00 -1.520748241602302153e+00
-2.475283805815383875e+00 -1.602070988977848831e+00
-3.436495568131438638e+00 -1.520748241602302153e+00
-2.475283805815383875e+00 -1.602070988977848831e+00
-3.436495568131438638e+00 -1.520748241602302153e+00
-2.335733719596571500e+00 -6.477855447770634045e-01
-1.514072043499329112e+00 -1.683393736353395509e+00
-2.475283805815383875e+00 -1.602070988977848831e+00
-2.475283805815383875e+00 -1.602070988977848831e+00
-2.475283805815383875e+00 -1.602070988977848831e+00
-2.335733719596571500e+00 -6.477855447770634045e-01
-2.475283805815383875e+00 -1.602070988977848831e+00
-2.475283805815383875e+00 -1.602070988977848831e+00
-2.475283805815383875e+00 -1.602070988977848831e+00
-1.514072043499329112e+00 -1.683393736353395509e+00
-2.475283805815383875e+00 -1.602070988977848831e+00
-2.475283805815383875e+00 -1.602070988977848831e+00
-1.514072043499329112e+00 -1.683393736353395509e+00
-2.475283805815383875e+00 -1.602070988977848831e+00
-2.475283805815383875e+00 -1.602070988977848831e+00
-3.436495568131438638e+00 -1.520748241602302153e+00
-2.335733719596571500e+00 -6.477855447770634045e-01
-2.614833892034196250e+00 -2.556356433178634369e+00
-1.374521957280516737e+00 -7.291082921526101934e-01
-2.475283805815383875e+00 -1.602070988977848831e+00
-2.475283805815383875e+00 -1.602070988977848831e+00
-2.614833892034196250e+00 -2.556356433178634369e+00
-2.475283805815383875e+00 -1.602070988977848831e+00
-2.475283805815383875e+00 -1.602070988977848831e+00
-2.475283805815383875e+00 -1.602070988977848831e+00
-2.475283805815383875e+00 -1.602070988977848831e+00
-3.576045654350251013e+00 -2.475033685803087469e+00
-2.475283805815383875e+00 -1.602070988977848831e+00
-1.514072043499329112e+00 -1.683393736353395509e+00
-1.374521957280516737e+00 -7.291082921526101934e-01
-2.335733719596571500e+00 -6.477855447770634045e-01
-1.514072043499329112e+00 -1.683393736353395509e+00
-1.374521957280516737e+00 -7.291082921526101934e-01
-2.335733719596571500e+00 -6.477855447770634045e-01
-2.335733719596571500e+00 -6.477855447770634045e-01
-1.514072043499329112e+00 -1.683393736353395509e+00
-2.475283805815383875e+00 -1.602070988977848831e+00
-2.475283805815383875e+00 -1.602070988977848831e+00
-1.514072043499329112e+00 -1.683393736353395509e+00
-2.614833892034196250e+00 -2.556356433178634369e+00
-2.475283805815383875e+00 -1.602070988977848831e+00
-2.614833892034196250e+00 -2.556356433178634369e+00
-2.475283805815383875e+00 -1.602070988977848831e+00
-2.475283805815383875e+00 -1.602070988977848831e+00
-1.514072043499329112e+00 -1.683393736353395509e+00
-2.475283805815383875e+00 -1.602070988977848831e+00
-2.475283805815383875e+00 -1.602070988977848831e+00
-2.614833892034196250e+00 -2.556356433178634369e+00
-2.475283805815383875e+00 -1.602070988977848831e+00
-2.335733719596571500e+00 -6.477855447770634045e-01
-2.335733719596571500e+00 -6.477855447770634045e-01
-2.475283805815383875e+00 -1.602070988977848831e+00
-2.335733719596571500e+00 -6.477855447770634045e-01
-2.614833892034196250e+00 -2.556356433178634369e+00
-2.335733719596571500e+00 -6.477855447770634045e-01
-2.475283805815383875e+00 -1.602070988977848831e+00
-1.514072043499329112e+00 -1.683393736353395509e+00
-2.614833892034196250e+00 -2.556356433178634369e+00
-3.436495568131438638e+00 -1.520748241602302153e+00
-2.475283805815383875e+00 -1.602070988977848831e+00
-2.335733719596571500e+00 -6.477855447770634045e-01
-2.475283805815383875e+00 -1.602070988977848831e+00
-1.514072043499329112e+00 -1.683393736353395509e+00
-3.576045654350251013e+00 -2.475033685803087469e+00
-1.514072043499329112e+00 -1.683393736353395509e+00
-2.335733719596571500e+00 -6.477855447770634045e-01
-2.475283805815383875e+00 -1.602070988977848831e+00
-2.475283805815383875e+00 -1.602070988977848831e+00
-1.514072043499329112e+00 -1.683393736353395509e+00
-2.475283805815383875e+00 -1.602070988977848831e+00
-2.475283805815383875e+00 -1.602070988977848831e+00
-1.514072043499329112e+00 -1.683393736353395509e+00
-2.475283805815383875e+00 -1.602070988977848831e+00
-2.335733719596571500e+00 -6.477855447770634045e-01
-2.475283805815383875e+00 -1.602070988977848831e+00
-1.514072043499329112e+00 -1.683393736353395509e+00
-2.475283805815383875e+00 -1.602070988977848831e+00
-2.475283805815383875e+00 -1.602070988977848831e+00
-1.653622129718141265e+00 -2.637679180554180824e+00
-2.475283805815383875e+00 -1.602070988977848831e+00
-2.475283805815383875e+00 -1.602070988977848831e+00
-3.436495568131438638e+00 -1.520748241602302153e+00
-2.475283805815383875e+00 -1.602070988977848831e+00
-2.475283805815383875e+00 -1.602070988977848831e+00
-1.514072043499329112e+00 -1.683393736353395509e+00
-1.374521957280516737e+00 -7.291082921526101934e-01
-1.514072043499329112e+00 -1.683393736353395509e+00
-2.475283805815383875e+00 -1.602070988977848831e+00
-2.335733719596571500e+00 -6.477855447770634045e-01
-2.475283805815383875e+00 -1.602070988977848831e+00
-2.335733719596571500e+00 -6.477855447770634045e-01
-2.614833892034196250e+00 -2.556356433178634369e+00
-2.475283805815383875e+00 -1.602070988977848831e+00
-2.475283805815383875e+00 -1.602070988977848831e+00
-1.514072043499329112e+00 -1.683393736353395509e+00
-1.514072043499329112e+00 -1.683393736353395509e+00
-2.475283805815383875e+00 -1.602070988977848831e+00
-2.335733719596571500e+00 -6.477855447770634045e-01
-2.475283805815383875e+00 -1.602070988977848831e+00
-2.475283805815383875e+00 -1.602070988977848831e+00
-2.335733719596571500e+00 -6.477855447770634045e-01
-1.514072043499329112e+00 -1.683393736353395509e+00
-1.514072043499329112e+00 -1.683393736353395509e+00
-2.475283805815383875e+00 -1.602070988977848831e+00
-3.576045654350251013e+00 -2.475033685803087469e+00
-2.475283805815383875e+00 -1.602070988977848831e+00
-2.475283805815383875e+00 -1.602070988977848831e+00
-1.514072043499329112e+00 -1.683393736353395509e+00
-3.436495568131438638e+00 -1.520748241602302153e+00
-2.475283805815383875e+00 -1.602070988977848831e+00
-2.475283805815383875e+00 -1.602070988977848831e+00
-2.475283805815383875e+00 -1.602070988977848831e+00
-2.475283805815383875e+00 -1.602070988977848831e+00
-2.475283805815383875e+00 -1.602070988977848831e+00
-1.514072043499329112e+00 -1.683393736353395509e+00
-2.614833892034196250e+00 -2.556356433178634369e+00
-2.614833892034196250e+00 -2.556356433178634369e+00
-1.514072043499329112e+00 -1.683393736353395509e+00
-2.335733719596571500e+00 -6.477855447770634045e-01
-3.296945481912626263e+00 -5.664627974015167267e-01
-1.514072043499329112e+00 -1.683393736353395509e+00
-2.614833892034196250e+00 -2.556356433178634369e+00
-1.514072043499329112e+00 -1.683393736353395509e+00
-1.514072043499329112e+00 -1.683393736353395509e+00
-2.335733719596571500e+00 -6.477855447770634045e-01
-3.436495568131438638e+00 -1.520748241602302153e+00
-2.335733719596571500e+00 -6.477855447770634045e-01
-1.514072043499329112e+00 -1.683393736353395509e+00
-2.475283805815383875e+00 -1.602070988977848831e+00
-3.296945481912626263e+00 -5.664627974015167267e-01
-2.335733719596571500e+00 -6.477855447770634045e-01
-2.475283805815383875e+00 -1.602070988977848831e+00
-2.475283805815383875e+00 -1.602070988977848831e+00
-2.475283805815383875e+00 -1.602070988977848831e+00
-1.514072043499329112e+00 -1.683393736353395509e+00
-2.475283805815383875e+00 -1.602070988977848831e+00
-2.475283805815383875e+00 -1.602070988977848831e+00
-1.514072043499329112e+00 -1.683393736353395509e+00
-2.335733719596571500e+00 -6.477855447770634045e-01
-1.514072043499329112e+00 -1.683393736353395509e+00
-1.514072043499329112e+00 -1.683393736353395509e+00
-2.614833892034196250e+00 -2.556356433178634369e+00
-1.514072043499329112e+00 -1.683393736353395509e+00
-2.614833892034196250e+00 -2.556356433178634369e+00
-2.614833892034196250e+00 -2.556356433178634369e+00
-2.475283805815383875e+00 -1.602070988977848831e+00
-2.475283805815383875e+00 -1.602070988977848831e+00
-1.514072043499329112e+00 -1.683393736353395509e+00
-2.475283805815383875e+00 -1.602070988977848831e+00
-1.374521957280516737e+00 -7.291082921526101934e-01
-2.335733719596571500e+00 -6.477855447770634045e-01
-1.374521957280516737e+00 -7.291082921526101934e-01
-2.475283805815383875e+00 -1.602070988977848831e+00
-2.335733719596571500e+00 -6.477855447770634045e-01
-2.475283805815383875e+00 -1.602070988977848831e+00
-2.475283805815383875e+00 -1.602070988977848831e+00
-1.514072043499329112e+00 -1.683393736353395509e+00
-3.576045654350251013e+00 -2.475033685803087469e+00
-1.374521957280516737e+00 -7.291082921526101934e-01
-2.614833892034196250e+00 -2.556356433178634369e+00
-1.514072043499329112e+00 -1.683393736353395509e+00
-2.475283805815383875e+00 -1.602070988977848831e+00
-2.475283805815383875e+00 -1.602070988977848831e+00
-2.475283805815383875e+00 -1.602070988977848831e+00
-2.614833892034196250e+00 -2.556356433178634369e+00
-2.475283805815383875e+00 -1.602070988977848831e+00
-2.475283805815383875e+00 -1.602070988977848831e+00
-5.528602811832742381e-01 -1.764716483728942409e+00
-2.475283805815383875e+00 -1.602070988977848831e+00
-1.514072043499329112e+00 -1.683393736353395509e+00
-1.514072043499329112e+00 -1.683393736353395509e+00
-2.475283805815383875e+00 -1.602070988977848831e+00
-1.514072043499329112e+00 -1.683393736353395509e+00
-2.614833892034196250e+00 -2.556356433178634369e+00
-1.514072043499329112e+00 -1.683393736353395509e+00
-3.436495568131438638e+00 -1.520748241602302153e+00
-2.475283805815383875e+00 -1.602070988977848831e+00
-1.514072043499329112e+00 -1.683393736353395509e+00
-2.475283805815383875e+00 -1.602070988977848831e+00
-2.614833892034196250e+00 -2.556356433178634369e+00
-2.475283805815383875e+00 -1.602070988977848831e+00
-2.335733719596571500e+00 -6.477855447770634045e-01
-1.514072043499329112e+00 -1.683393736353395509e+00
-1.514072043499329112e+00 -1.683393736353395509e+00
-2.475283805815383875e+00 -1.602070988977848831e+00
-2.614833892034196250e+00 -2.556356433178634369e+00
-2.475283805815383875e+00 -1.602070988977848831e+00
-2.475283805815383875e+00 -1.602070988977848831e+00
-2.475283805815383875e+00 -1.602070988977848831e+00
-2.475283805815383875e+00 -1.602070988977848831e+00
-1.514072043499329112e+00 -1.683393736353395509e+00
-2.475283805815383875e+00 -1.602070988977848831e+00
-1.514072043499329112e+00 -1.683393736353395509e+00
-2.335733719596571500e+00 -6.477855447770634045e-01
-2.335733719596571500e+00 -6.477855447770634045e-01
-2.475283805815383875e+00 -1.602070988977848831e+00
-2.475283805815383875e+00 -1.602070988977848831e+00
-2.335733719596571500e+00 -6.477855447770634045e-01
-2.475283805815383875e+00 -1.602070988977848831e+00
-2.614833892034196250e+00 -2.556356433178634369e+00
-2.475283805815383875e+00 -1.602070988977848831e+00
-2.475283805815383875e+00 -1.602070988977848831e+00
-1.514072043499329112e+00 -1.683393736353395509e+00
-2.475283805815383875e+00 -1.602070988977848831e+00
-2.335733719596571500e+00 -6.477855447770634045e-01
-1.514072043499329112e+00 -1.683393736353395509e+00
-1.374521957280516737e+00 -7.291082921526101934e-01
-2.475283805815383875e+00 -1.602070988977848831e+00
-2.475283805815383875e+00 -1.602070988977848831e+00
-2.614833892034196250e+00 -2.556356433178634369e+00
-2.475283805815383875e+00 -1.602070988977848831e+00
-1.653622129718141265e+00 -2.637679180554180824e+00
-1.514072043499329112e+00 -1.683393736353395509e+00
-2.475283805815383875e+00 -1.602070988977848831e+00
-1.514072043499329112e+00 -1.683393736353395509e+00
-1.374521957280516737e+00 -7.291082921526101934e-01
-2.475283805815383875e+00 -1.602070988977848831e+00
-2.614833892034196250e+00 -2.556356433178634369e+00
-2.475283805815383875e+00 -1.602070988977848831e+00
-1.514072043499329112e+00 -1.683393736353395509e+00
-2.475283805815383875e+00 -1.602070988977848831e+00
-2.475283805815383875e+00 -1.602070988977848831e+00
-1.514072043499329112e+00 -1.683393736353395509e+00
-1.514072043499329112e+00 -1.683393736353395509e+00
-2.614833892034196250e+00 -2.556356433178634369e+00
-2.475283805815383875e+00 -1.602070988977848831e+00
-1.514072043499329112e+00 -1.683393736353395509e+00
-2.475283805815383875e+00 -1.602070988977848831e+00
-3.576045654350251013e+00 -2.475033685803087469e+00
-1.653622129718141265e+00 -2.637679180554180824e+00
-2.475283805815383875e+00 -1.602070988977848831e+00
3.940277670473369298e+00 6.039242803002560223e-01
8.266710786490093499e-01 1.027705231502536565e+00
2.979065908157314535e+00 6.852470276758027001e-01
2.017854145841259772e+00 7.665697750513494890e-01
1.878304059622447619e+00 -1.877156691494359098e-01
9.662211648678216136e-01 1.981990675703322102e+00
8.266710786490093499e-01 1.027705231502536565e+00
-1.833388900882662875e-01 -9.902437486037973802e-01
1.878634720762655475e+00 -1.986037991541056702e-01
8.266710786490093499e-01 1.027705231502536565e+00
9.174229584466007115e-01 -1.172810517785589368e-01
2.017854145841259772e+00 7.665697750513494890e-01
9.662211648678216136e-01 1.981990675703322102e+00
1.878304059622447619e+00 -1.877156691494359098e-01
3.940277670473369298e+00 6.039242803002560223e-01
1.056642383525205009e+00 8.478925224268961669e-01
-1.095752445983100065e+00 1.190350726253630143e+00
1.878634720762655475e+00 -1.986037991541056702e-01
2.979065908157314535e+00 6.852470276758027001e-01
1.878634720762655475e+00 -1.986037991541056702e-01
8.266710786490093499e-01 1.027705231502536565e+00
2.700296396859898085e+00 -1.234211990730437636e+00
2.017854145841259772e+00 7.665697750513494890e-01
8.266710786490093499e-01 1.027705231502536565e+00
1.878634720762655475e+00 -1.986037991541056702e-01
9.662211648678216136e-01 1.981990675703322102e+00
1.878634720762655475e+00 -1.986037991541056702e-01
2.979065908157314535e+00 6.852470276758027001e-01
2.979065908157314535e+00 6.852470276758027001e-01
3.118615994376126910e+00 1.639532471876588016e+00
2.979065908157314535e+00 6.852470276758027001e-01
2.839846483078710015e+00 -2.799265465296523758e-01
2.017854145841259772e+00 7.665697750513494890e-01
1.878634720762655475e+00 -1.986037991541056702e-01
7.778728722277884478e-01 -1.071566495979344280e+00
1.787882840965064224e+00 9.463824841269899979e-01
1.878634720762655475e+00 -1.986037991541056702e-01
6.383227860089761840e-01 -2.025851940180129596e+00
7.778728722277884478e-01 -1.071566495979344280e+00
9.662211648678216136e-01 1.981990675703322102e+00
2.979065908157314535e+00 6.852470276758027001e-01
1.739084634543843100e+00 -1.152889243354890958e+00
2.839515821938502160e+00 -2.690384165249826154e-01
2.017854145841259772e+00 7.665697750513494890e-01
2.839846483078710015e+00 -2.799265465296523758e-01
2.017854145841259772e+00 7.665697750513494890e-01
1.878634720762655475e+00 -1.986037991541056702e-01
1.878634720762655475e+00 -1.986037991541056702e-01
2.979065908157314535e+00 6.852470276758027001e-01
4.079827756692181673e+00 1.558209724501041116e+00
1.878304059622447619e+00 -1.877156691494359098e-01
1.927432927183876377e+00 1.900667928327775424e+00
-4.133101949644619744e-01 -8.104310395281568713e-01
-2.737601087456497662e-01 1.438544046726284442e-01
1.878634720762655475e+00 -1.986037991541056702e-01
2.017854145841259772e+00 7.665697750513494890e-01
-1.833388900882662875e-01 -9.902437486037973802e-01
2.017854145841259772e+00 7.665697750513494890e-01
1.739084634543843100e+00 -1.152889243354890958e+00
7.778728722277884478e-01 -1.071566495979344280e+00
-2.740907698858576214e-01 1.547425346772981769e-01
3.801058245394764779e+00 -3.612492939051991092e-01
9.174229584466007115e-01 -1.172810517785589368e-01
2.979065908157314535e+00 6.852470276758027001e-01
9.170922973063927452e-01 -1.063929217738891764e-01
1.739084634543843100e+00 -1.152889243354890958e+00
1.739084634543843100e+00 -1.152889243354890958e+00
-1.345406836670453299e-01 1.109027978878083243e+00
2.017854145841259772e+00 7.665697750513494890e-01
6.871209924301970862e-01 7.341978730175144352e-02
1.739084634543843100e+00 -1.152889243354890958e+00
-5.585179626783408346e-02 2.287533612033057384e+00
6.991839848285771319e-01 -2.250072129134318200e+00
1.878634720762655475e+00 -1.986037991541056702e-01
2.979065908157314535e+00 6.852470276758027001e-01
5.009402551766919953e-03 2.063313423078868780e+00
-5.585179626783408346e-02 2.287533612033057384e+00
1.787882840965064224e+00 9.463824841269899979e-01
2.979065908157314535e+00 6.852470276758027001e-01
2.700296396859898085e+00 -1.234211990730437636e+00
9.174229584466007115e-01 -1.172810517785589368e-01
1.927432927183876377e+00 1.900667928327775424e+00
6.871209924301970862e-01 7.341978730175144352e-02
7.778728722277884478e-01 -1.071566495979344280e+00
1.878304059622447619e+00 -1.877156691494359098e-01
1.739084634543843100e+00 -1.152889243354890958e+00
9.174229584466007115e-01 -1.172810517785589368e-01
2.017854145841259772e+00 7.665697750513494890e-01
1.787882840965064224e+00 9.463824841269899979e-01
6.874516535704050524e-01 6.253165729708171083e-02
2.006121814583087470e+00 3.079173561482749122e+00
1.927432927183876377e+00 1.900667928327775424e+00
-1.345406836670453299e-01 1.109027978878083243e+00
1.927432927183876377e+00 1.900667928327775424e+00
2.979065908157314535e+00 6.852470276758027001e-01
1.878634720762655475e+00 -1.986037991541056702e-01
3.118615994376126910e+00 1.639532471876588016e+00
1.739084634543843100e+00 -1.152889243354890958e+00
1.739084634543843100e+00 -1.152889243354890958e+00
1.739084634543843100e+00 -1.152889243354890958e+00
3.118615994376126910e+00 1.639532471876588016e+00
2.967333576899142233e+00 2.997850814107202222e+00
5.041039519008236880e+00 1.476886977125494438e+00
2.017854145841259772e+00 7.665697750513494890e-01
8.266710786490093499e-01 1.027705231502536565e+00
2.839846483078710015e+00 -2.799265465296523758e-01
3.801058245394764779e+00 -3.612492939051991092e-01
2.017854145841259772e+00 7.665697750513494890e-01
2.017854145841259772e+00 7.665697750513494890e-01
3.801058245394764779e+00 -3.612492939051991092e-01
3.722369357995553685e+00 -1.539754927060173140e+00
1.739084634543843100e+00 -1.152889243354890958e+00
6.871209924301970862e-01 7.341978730175144352e-02
3.801058245394764779e+00 -3.612492939051991092e-01
2.017854145841259772e+00 7.665697750513494890e-01
3.801058245394764779e+00 -3.612492939051991092e-01
1.878304059622447619e+00 -1.877156691494359098e-01
1.599534548325030947e+00 -2.107174687555676496e+00
2.839515821938502160e+00 -2.690384165249826154e-01
2.157404232060072147e+00 1.720855219252134694e+00
2.839846483078710015e+00 -2.799265465296523758e-01
8.266710786490093499e-01 1.027705231502536565e+00
3.258166080594939285e+00 2.593817916077373109e+00
6.871209924301970862e-01 7.341978730175144352e-02
7.778728722277884478e-01 -1.071566495979344280e+00
1.787882840965064224e+00 9.463824841269899979e-01
2.017854145841259772e+00 7.665697750513494890e-01
6.874516535704050524e-01 6.253165729708171083e-02
2.017854145841259772e+00 7.665697750513494890e-01
2.157404232060072147e+00 1.720855219252134694e+00
2.700296396859898085e+00 -1.234211990730437636e+00
7.778728722277884478e-01 -1.071566495979344280e+00
1.599534548325030947e+00 -2.107174687555676496e+00
3.940277670473369298e+00 6.039242803002560223e-01
3.722369357995553685e+00 -1.539754927060173140e+00
8.266710786490093499e-01 1.027705231502536565e+00
7.778728722277884478e-01 -1.071566495979344280e+00
9.174229584466007115e-01 -1.172810517785589368e-01
3.812790576652937080e+00 -2.673853080336598964e+00
4.079827756692181673e+00 1.558209724501041116e+00
2.979065908157314535e+00 6.852470276758027001e-01
1.787882840965064224e+00 9.463824841269899979e-01
2.839846483078710015e+00 -2.799265465296523758e-01
8.266710786490093499e-01 1.027705231502536565e+00
9.662211648678216136e-01 1.981990675703322102e+00
2.839846483078710015e+00 -2.799265465296523758e-01
6.871209924301970862e-01 7.341978730175144352e-02
3.940277670473369298e+00 6.039242803002560223e-01
1.044910052267032929e+00 3.160496308858296022e+00
2.157404232060072147e+00 1.720855219252134694e+00
-1.374521957280516737e+00 -7.291082921526101934e-01
7.778728722277884478e-01 -1.071566495979344280e+00
2.979065908157314535e+00 6.852470276758027001e-01
6.874516535704050524e-01 6.253165729708171083e-02
1.787882840965064224e+00 9.463824841269899979e-01
1.927432927183876377e+00 1.900667928327775424e+00
2.017854145841259772e+00 7.665697750513494890e-01
8.266710786490093499e-01 1.027705231502536565e+00
2.017854145841259772e+00 7.665697750513494890e-01
1.878304059622447619e+00 -1.877156691494359098e-01
3.118615994376126910e+00 1.639532471876588016e+00
2.979065908157314535e+00 6.852470276758027001e-01
7.778728722277884478e-01 -1.071566495979344280e+00
2.017854145841259772e+00 7.665697750513494890e-01
6.871209924301970862e-01 7.341978730175144352e-02
2.839846483078710015e+00 -2.799265465296523758e-01
-3.228889763070785790e-01 -1.944529192804582918e+00
3.118615994376126910e+00 1.639532471876588016e+00
1.599534548325030947e+00 -2.107174687555676496e+00
1.878634720762655475e+00 -1.986037991541056702e-01
2.979065908157314535e+00 6.852470276758027001e-01
2.700296396859898085e+00 -1.234211990730437636e+00
3.940277670473369298e+00 6.039242803002560223e-01
2.979065908157314535e+00 6.852470276758027001e-01
1.878634720762655475e+00 -1.986037991541056702e-01
2.839846483078710015e+00 -2.799265465296523758e-01
1.878304059622447619e+00 -1.877156691494359098e-01
2.157404232060072147e+00 1.720855219252134694e+00
2.017854145841259772e+00 7.665697750513494890e-01
2.979065908157314535e+00 6.852470276758027001e-01
2.839846483078710015e+00 -2.799265465296523758e-01
1.739084634543843100e+00 -1.152889243354890958e+00
1.878634720762655475e+00 -1.986037991541056702e-01
2.839846483078710015e+00 -2.799265465296523758e-01
2.979065908157314535e+00 6.852470276758027001e-01
2.017854145841259772e+00 7.665697750513494890e-01
1.056642383525205009e+00 8.478925224268961669e-01
2.979065908157314535e+00 6.852470276758027001e-01
1.878634720762655475e+00 -1.986037991541056702e-01
9.174229584466007115e-01 -1.172810517785589368e-01
8.266710786490093499e-01 1.027705231502536565e+00
1.739084634543843100e+00 -1.152889243354890958e+00
2.700296396859898085e+00 -1.234211990730437636e+00
3.940277670473369298e+00 6.039242803002560223e-01
1.927432927183876377e+00 1.900667928327775424e+00
2.839846483078710015e+00 -2.799265465296523758e-01
1.878634720762655475e+00 -1.986037991541056702e-01
3.801058245394764779e+00 -3.612492939051991092e-01
2.145671900801899845e+00 4.033459005683534215e+00
1.878304059622447619e+00 -1.877156691494359098e-01
1.878634720762655475e+00 -1.986037991541056702e-01
2.839515821938502160e+00 -2.690384165249826154e-01
9.174229584466007115e-01 -1.172810517785589368e-01
2.017854145841259772e+00 7.665697750513494890e-01
1.660395747144632006e+00 -2.331394876509865099e+00
9.174229584466007115e-01 -1.172810517785589368e-01
2.979065908157314535e+00 6.852470276758027001e-01
7.778728722277884478e-01 -1.071566495979344280e+00
2.157404232060072147e+00 1.720855219252134694e+00
2.839846483078710015e+00 -2.799265465296523758e-01
2.157404232060072147e+00 1.720855219252134694e+00
2.017854145841259772e+00 7.665697750513494890e-01
3.118615994376126910e+00 1.639532471876588016e+00
2.979065908157314535e+00 6.852470276758027001e-01
3.801058245394764779e+00 -3.612492939051991092e-01
1.927432927183876377e+00 1.900667928327775424e+00
1.878634720762655475e+00 -1.986037991541056702e-01
2.017854145841259772e+00 7.665697750513494890e-01
9.174229584466007115e-01 -1.172810517785589368e-01
1.739084634543843100e+00 -1.152889243354890958e+00
2.017854145841259772e+00 7.665697750513494890e-01
-1.345406836670453299e-01 1.109027978878083243e+00
1.739084634543843100e+00 -1.152889243354890958e+00
1.739084634543843100e+00 -1.152889243354890958e+00
1.878634720762655475e+00 -1.986037991541056702e-01
2.017854145841259772e+00 7.665697750513494890e-01
2.017854145841259772e+00 7.665697750513494890e-01
1.739084634543843100e+00 -1.152889243354890958e+00
8.266710786490093499e-01 1.027705231502536565e+00
2.979065908157314535e+00 6.852470276758027001e-01
-1.345406836670453299e-01 1.109027978878083243e+00
1.878634720762655475e+00 -1.986037991541056702e-01
6.871209924301970862e-01 7.341978730175144352e-02
8.266710786490093499e-01 1.027705231502536565e+00
2.700296396859898085e+00 -1.234211990730437636e+00
-2.740907698858576214e-01 1.547425346772981769e-01
2.979065908157314535e+00 6.852470276758027001e-01
1.739084634543843100e+00 -1.152889243354890958e+00
1.927432927183876377e+00 1.900667928327775424e+00
1.927432927183876377e+00 1.900667928327775424e+00
3.940277670473369298e+00 6.039242803002560223e-01
8.266710786490093499e-01 1.027705231502536565e+00
1.739084634543843100e+00 -1.152889243354890958e+00
1.599534548325030947e+00 -2.107174687555676496e+00
6.871209924301970862e-01 7.341978730175144352e-02
6.874516535704050524e-01 6.253165729708171083e-02
9.170922973063927452e-01 -1.063929217738891764e-01
2.157404232060072147e+00 1.720855219252134694e+00
7.778728722277884478e-01 -1.071566495979344280e+00
-1.235302532201912440e+00 2.360652820528449103e-01
1.878634720762655475e+00 -1.986037991541056702e-01
2.979065908157314535e+00 6.852470276758027001e-01
1.878634720762655475e+00 -1.986037991541056702e-01
-2.737601087456497662e-01 1.438544046726284442e-01
2.017854145841259772e+00 7.665697750513494890e-01
2.839846483078710015e+00 -2.799265465296523758e-01
1.878304059622447619e+00 -1.877156691494359098e-01
9.170922973063927452e-01 -1.063929217738891764e-01
7.778728722277884478e-01 -1.071566495979344280e+00
1.878634720762655475e+00 -1.986037991541056702e-01
6.871209924301970862e-01 7.341978730175144352e-02
6.871209924301970862e-01 7.341978730175144352e-02
9.170922973063927452e-01 -1.063929217738891764e-01
9.174229584466007115e-01 -1.172810517785589368e-01
2.839846483078710015e+00 -2.799265465296523758e-01
8.266710786490093499e-01 1.027705231502536565e+00
8.266710786490093499e-01 1.027705231502536565e+00
9.174229584466007115e-01 -1.172810517785589368e-01
1.739084634543843100e+00 -1.152889243354890958e+00
3.118615994376126910e+00 1.639532471876588016e+00
2.017854145841259772e+00 7.665697750513494890e-01
6.871209924301970862e-01 7.341978730175144352e-02
1.739084634543843100e+00 -1.152889243354890958e+00
1.599534548325030947e+00 -2.107174687555676496e+00
3.801058245394764779e+00 -3.612492939051991092e-01
2.700296396859898085e+00 -1.234211990730437636e+00
1.927432927183876377e+00 1.900667928327775424e+00
2.017854145841259772e+00 7.665697750513494890e-01
1.787882840965064224e+00 9.463824841269899979e-01
1.878634720762655475e+00 -1.986037991541056702e-01
2.979065908157314535e+00 6.852470276758027001e-01
2.979065908157314535e+00 6.852470276758027001e-01
1.739084634543843100e+00 -1.152889243354890958e+00
8.266710786490093499e-01 1.027705231502536565e+00
7.778728722277884478e-01 -1.071566495979344280e+00
9.170922973063927452e-01 -1.063929217738891764e-01
9.662211648678216136e-01 1.981990675703322102e+00
3.801058245394764779e+00 -3.612492939051991092e-01
2.839846483078710015e+00 -2.799265465296523758e-01
1.520845660925819631e+00 -3.285680320710650193e+00
7.778728722277884478e-01 -1.071566495979344280e+00
2.839846483078710015e+00 -2.799265465296523758e-01
1.878304059622447619e+00 -1.877156691494359098e-01
1.044910052267032929e+00 3.160496308858296022e+00
1.056642383525205009e+00 8.478925224268961669e-01
3.940277670473369298e+00 6.039242803002560223e-01
2.017854145841259772e+00 7.665697750513494890e-01
2.700296396859898085e+00 -1.234211990730437636e+00
2.839846483078710015e+00 -2.799265465296523758e-01
8.266710786490093499e-01 1.027705231502536565e+00
2.839846483078710015e+00 -2.799265465296523758e-01
1.878634720762655475e+00 -1.986037991541056702e-01
2.979065908157314535e+00 6.852470276758027001e-01
9.174229584466007115e-01 -1.172810517785589368e-01
-5.585179626783408346e-02 2.287533612033057384e+00
1.878634720762655475e+00 -1.986037991541056702e-01
3.118615994376126910e+00 1.639532471876588016e+00
2.006121814583087470e+00 3.079173561482749122e+00
8.266710786490093499e-01 1.027705231502536565e+00
2.839515821938502160e+00 -2.690384165249826154e-01
2.017854145841259772e+00 7.665697750513494890e-01
1.878634720762655475e+00 -1.986037991541056702e-01
1.056642383525205009e+00 8.478925224268961669e-01
1.878634720762655475e+00 -1.986037991541056702e-01
6.871209924301970862e-01 7.341978730175144352e-02
7.778728722277884478e-01 -1.071566495979344280e+00
-5.585179626783408346e-02 2.287533612033057384e+00
2.839515821938502160e+00 -2.690384165249826154e-01
2.017854145841259772e+00 7.665697750513494890e-01
1.878634720762655475e+00 -1.986037991541056702e-01
1.878634720762655475e+00 -1.986037991541056702e-01
1.878304059622447619e+00 -1.877156691494359098e-01
2.700296396859898085e+00 -1.234211990730437636e+00
1.878634720762655475e+00 -1.986037991541056702e-01
1.927432927183876377e+00 1.900667928327775424e+00
1.739084634543843100e+00 -1.152889243354890958e+00
1.927432927183876377e+00 1.900667928327775424e+00
7.778728722277884478e-01 -1.071566495979344280e+00
2.839846483078710015e+00 -2.799265465296523758e-01
1.878304059622447619e+00 -1.877156691494359098e-01
3.118615994376126910e+00 1.639532471876588016e+00
3.940277670473369298e+00 6.039242803002560223e-01
2.839846483078710015e+00 -2.799265465296523758e-01
-1.345406836670453299e-01 1.109027978878083243e+00
-2.740907698858576214e-01 1.547425346772981769e-01
6.871209924301970862e-01 7.341978730175144352e-02
2.017854145841259772e+00 7.665697750513494890e-01
1.878634720762655475e+00 -1.986037991541056702e-01
8.266710786490093499e-01 1.027705231502536565e+00
-2.740907698858576214e-01 1.547425346772981769e-01
2.006121814583087470e+00 3.079173561482749122e+00
2.017854145841259772e+00 7.665697750513494890e-01
2.839515821938502160e+00 -2.690384165249826154e-01
2.017854145841259772e+00 7.665697750513494890e-01
2.017854145841259772e+00 7.665697750513494890e-01
3.801058245394764779e+00 -3.612492939051991092e-01
6.871209924301970862e-01 7.341978730175144352e-02
2.839846483078710015e+00 -2.799265465296523758e-01
8.266710786490093499e-01 1.027705231502536565e+00
5.009402551766919953e-03 2.063313423078868780e+00
1.878634720762655475e+00 -1.986037991541056702e-01
1.878634720762655475e+00 -1.986037991541056702e-01
8.266710786490093499e-01 1.027705231502536565e+00
1.599534548325030947e+00 -2.107174687555676496e+00
9.170922973063927452e-01 -1.063929217738891764e-01
1.056642383525205009e+00 8.478925224268961669e-01
1.739084634543843100e+00 -1.152889243354890958e+00
1.878634720762655475e+00 -1.986037991541056702e-01
2.979065908157314535e+00 6.852470276758027001e-01
9.174229584466007115e-01 -1.172810517785589368e-01
2.979065908157314535e+00 6.852470276758027001e-01
9.174229584466007115e-01 -1.172810517785589368e-01
3.258166080594939285e+00 2.593817916077373109e+00
2.839846483078710015e+00 -2.799265465296523758e-01
6.871209924301970862e-01 7.341978730175144352e-02
2.017854145841259772e+00 7.665697750513494890e-01
2.979065908157314535e+00 6.852470276758027001e-01
7.778728722277884478e-01 -1.071566495979344280e+00
2.017854145841259772e+00 7.665697750513494890e-01
7.778728722277884478e-01 -1.071566495979344280e+00
2.839846483078710015e+00 -2.799265465296523758e-01
1.878634720762655475e+00 -1.986037991541056702e-01
3.118615994376126910e+00 1.639532471876588016e+00
1.878634720762655475e+00 -1.986037991541056702e-01
3.118615994376126910e+00 1.639532471876588016e+00
2.700296396859898085e+00 -1.234211990730437636e+00
1.927432927183876377e+00 1.900667928327775424e+00
1.878634720762655475e+00 -1.986037991541056702e-01
2.700296396859898085e+00 -1.234211990730437636e+00
1.878634720762655475e+00 -1.986037991541056702e-01
2.017854145841259772e+00 7.665697750513494890e-01
1.739084634543843100e+00 -1.152889243354890958e+00
1.878304059622447619e+00 -1.877156691494359098e-01
2.700296396859898085e+00 -1.234211990730437636e+00
1.739084634543843100e+00 -1.152889243354890958e+00
2.017854145841259772e+00 7.665697750513494890e-01
1.787882840965064224e+00 9.463824841269899979e-01
1.927432927183876377e+00 1.900667928327775424e+00
2.017854145841259772e+00 7.665697750513494890e-01
2.700296396859898085e+00 -1.234211990730437636e+00
2.017854145841259772e+00 7.665697750513494890e-01
1.878634720762655475e+00 -1.986037991541056702e-01
1.739084634543843100e+00 -1.152889243354890958e+00
1.878304059622447619e+00 -1.877156691494359098e-01
2.839846483078710015e+00 -2.799265465296523758e-01
9.174229584466007115e-01 -1.172810517785589368e-01
2.700296396859898085e+00 -1.234211990730437636e+00
2.839846483078710015e+00 -2.799265465296523758e-01
-1.017063558583888971e+00 2.368856359408604284e+00
1.878634720762655475e+00 -1.986037991541056702e-01
1.739084634543843100e+00 -1.152889243354890958e+00
2.839846483078710015e+00 -2.799265465296523758e-01
2.017854145841259772e+00 7.665697750513494890e-01
7.778728722277884478e-01 -1.071566495979344280e+00
9.662211648678216136e-01 1.981990675703322102e+00
-2.740907698858576214e-01 1.547425346772981769e-01
2.979065908157314535e+00 6.852470276758027001e-01
2.839846483078710015e+00 -2.799265465296523758e-01
9.174229584466007115e-01 -1.172810517785589368e-01
3.940277670473369298e+00 6.039242803002560223e-01
1.878304059622447619e+00 -1.877156691494359098e-01
3.661508159175952848e+00 -1.315534738105984536e+00
7.778728722277884478e-01 -1.071566495979344280e+00
8.266710786490093499e-01 1.027705231502536565e+00
3.801058245394764779e+00 -3.612492939051991092e-01
1.878634720762655475e+00 -1.986037991541056702e-01
2.017854145841259772e+00 7.665697750513494890e-01
2.979065908157314535e+00 6.852470276758027001e-01
2.839846483078710015e+00 -2.799265465296523758e-01
6.871209924301970862e-01 7.341978730175144352e-02
1.878634720762655475e+00 -1.986037991541056702e-01
1.878634720762655475e+00 -1.986037991541056702e-01
1.739084634543843100e+00 -1.152889243354890958e+00
-1.345406836670453299e-01 1.109027978878083243e+00
2.839846483078710015e+00 -2.799265465296523758e-01
1.878634720762655475e+00 -1.986037991541056702e-01
1.878634720762655475e+00 -1.986037991541056702e-01
3.118615994376126910e+00 1.639532471876588016e+00
2.839846483078710015e+00 -2.799265465296523758e-01
1.739084634543843100e+00 -1.152889243354890958e+00
2.979065908157314535e+00 6.852470276758027001e-01
1.878634720762655475e+00 -1.986037991541056702e-01
1.878634720762655475e+00 -1.986037991541056702e-01
8.266710786490093499e-01 1.027705231502536565e+00
-1.345406836670453299e-01 1.109027978878083243e+00
2.839846483078710015e+00 -2.799265465296523758e-01
1.739084634543843100e+00 -1.152889243354890958e+00
5.041039519008236880e+00 1.476886977125494438e+00
1.878634720762655475e+00 -1.986037991541056702e-01
1.739084634543843100e+00 -1.152889243354890958e+00
1.878634720762655475e+00 -1.986037991541056702e-01
2.017854145841259772e+00 7.665697750513494890e-01
6.871209924301970862e-01 7.341978730175144352e-02
6.874516535704050524e-01 6.253165729708171083e-02
2.979065908157314535e+00 6.852470276758027001e-01
2.006121814583087470e+00 3.079173561482749122e+00
-2.740907698858576214e-01 1.547425346772981769e-01
2.979065908157314535e+00 6.852470276758027001e-01
2.621607509460686547e+00 -2.412717623885411999e+00
-4.133101949644619744e-01 -8.104310395281568713e-01
2.017854145841259772e+00 7.665697750513494890e-01
7.778728722277884478e-01 -1.071566495979344280e+00
9.662211648678216136e-01 1.981990675703322102e+00
3.118615994376126910e+00 1.639532471876588016e+00
2.979065908157314535e+00 6.852470276758027001e-01
9.662211648678216136e-01 1.981990675703322102e+00
9.170922973063927452e-01 -1.063929217738891764e-01
2.979065908157314535e+00 6.852470276758027001e-01
2.700296396859898085e+00 -1.234211990730437636e+00
1.878304059622447619e+00 -1.877156691494359098e-01
9.174229584466007115e-01 -1.172810517785589368e-01
1.878634720762655475e+00 -1.986037991541056702e-01
7.778728722277884478e-01 -1.071566495979344280e+00
3.118615994376126910e+00 1.639532471876588016e+00
9.170922973063927452e-01 -1.063929217738891764e-01
3.118615994376126910e+00 1.639532471876588016e+00
2.979065908157314535e+00 6.852470276758027001e-01
2.017854145841259772e+00 7.665697750513494890e-01
1.878634720762655475e+00 -1.986037991541056702e-01
1.878634720762655475e+00 -1.986037991541056702e-01
7.778728722277884478e-01 -1.071566495979344280e+00
1.739084634543843100e+00 -1.152889243354890958e+00
9.662211648678216136e-01 1.981990675703322102e+00
9.170922973063927452e-01 -1.063929217738891764e-01
1.739084634543843100e+00 -1.152889243354890958e+00
3.722369357995553685e+00 -1.539754927060173140e+00
1.927432927183876377e+00 1.900667928327775424e+00
-2.740907698858576214e-01 1.547425346772981769e-01
2.700296396859898085e+00 -1.234211990730437636e+00
1.878634720762655475e+00 -1.986037991541056702e-01
2.979065908157314535e+00 6.852470276758027001e-01
1.739084634543843100e+00 -1.152889243354890958e+00
1.878304059622447619e+00 -1.877156691494359098e-01
1.787882840965064224e+00 9.463824841269899979e-01
8.266710786490093499e-01 1.027705231502536565e+00
1.878634720762655475e+00 -1.986037991541056702e-01
1.927432927183876377e+00 1.900667928327775424e+00
2.017854145841259772e+00 7.665697750513494890e-01
2.979065908157314535e+00 6.852470276758027001e-01
8.266710786490093499e-01 1.027705231502536565e+00
-2.740907698858576214e-01 1.547425346772981769e-01
2.839515821938502160e+00 -2.690384165249826154e-01
1.878304059622447619e+00 -1.877156691494359098e-01
-2.737601087456497662e-01 1.438544046726284442e-01
1.739084634543843100e+00 -1.152889243354890958e+00
2.839846483078710015e+00 -2.799265465296523758e-01
2.979065908157314535e+00 6.852470276758027001e-01
2.979065908157314535e+00 6.852470276758027001e-01
8.266710786490093499e-01 1.027705231502536565e+00
1.878634720762655475e+00 -1.986037991541056702e-01
