1.017220996335713168e-01 4.087661892606354874e-02
1.017220996335713168e-01 4.087661892606354874e-02
1.017220996335713168e-01 4.087661892606354874e-02
1.955173557856025868e-01 5.927114515070924100e-02
1.017220996335713168e-01 4.087661892606354874e-02
1.017220996335713168e-01 4.087661892606354874e-02
1.955173557856025868e-01 5.927114515070924100e-02
1.017220996335713168e-01 4.087661892606354874e-02
1.955173557856025868e-01 5.927114515070924100e-02
1.017220996335713168e-01 4.087661892606354874e-02
1.568519932425174179e-01 5.208649527281832697e-02
1.017220996335713168e-01 4.087661892606354874e-02
1.955173557856025868e-01 5.927114515070924100e-02
1.017220996335713168e-01 4.087661892606354874e-02
1.017220996335713168e-01 4.087661892606354874e-02
1.955173557856025868e-01 5.927114515070924100e-02
1.017220996335713168e-01 4.087661892606354874e-02
1.017220996335713168e-01 4.087661892606354874e-02
1.017220996335713168e-01 4.087661892606354874e-02
1.955173557856025868e-01 5.927114515070924100e-02
1.017220996335713168e-01 4.087661892606354874e-02
1.017220996335713168e-01 4.087661892606354874e-02
1.017220996335713168e-01 4.087661892606354874e-02
1.017220996335713168e-01 4.087661892606354874e-02
1.017220996335713168e-01 4.087661892606354874e-02
1.017220996335713168e-01 4.087661892606354874e-02
1.017220996335713168e-01 4.087661892606354874e-02
1.017220996335713168e-01 4.087661892606354874e-02
1.017220996335713168e-01 4.087661892606354874e-02
1.017220996335713168e-01 4.087661892606354874e-02
1.017220996335713168e-01 4.087661892606354874e-02
1.017220996335713168e-01 4.087661892606354874e-02
1.955173557856025868e-01 5.927114515070924100e-02
1.568519932425174179e-01 5.208649527281832697e-02
1.017220996335713168e-01 4.087661892606354874e-02
1.017220996335713168e-01 4.087661892606354874e-02
0.000000000000000000e+00 0.000000000000000000e+00
1.017220996335713168e-01 4.087661892606354874e-02
1.017220996335713168e-01 4.087661892606354874e-02
1.568519932425174179e-01 5.208649527281832697e-02
1.017220996335713168e-01 4.087661892606354874e-02
1.017220996335713168e-01 4.087661892606354874e-02
1.017220996335713168e-01 4.087661892606354874e-02
1.017220996335713168e-01 4.087661892606354874e-02
1.017220996335713168e-01 4.087661892606354874e-02
1.017220996335713168e-01 4.087661892606354874e-02
1.017220996335713168e-01 4.087661892606354874e-02
1.017220996335713168e-01 4.087661892606354874e-02
1.017220996335713168e-01 4.087661892606354874e-02
1.017220996335713168e-01 4.087661892606354874e-02
