3.038210761440399699e-01 1.676636044796908087e-01 6.487157206468413539e-01 2.102616722396605502e-03 9.382297496534830472e-01
3.038210761440399699e-01 1.676636044796908087e-01 6.487157206468413539e-01 2.102616722396605502e-03 9.382297496534830472e-01
3.038210761440399699e-01 1.676636044796908087e-01 6.487157206468413539e-01 2.102616722396605502e-03 9.382297496534830472e-01
3.038210761440399699e-01 1.676636044796908087e-01 6.487157206468413539e-01 2.102616722396605502e-03 9.382297496534830472e-01
3.038210761440399699e-01 1.676636044796908087e-01 6.487157206468413539e-01 2.102616722396605502e-03 9.382297496534830472e-01
3.038210761440399699e-01 1.676636044796908087e-01 6.487157206468413539e-01 2.102616722396605502e-03 9.382297496534830472e-01
6.390747109004965010e-01 2.640939723482100057e-02 1.784757394714102385e-01 8.149145158095619170e-05 9.726191962805618152e-01
3.038210761440399699e-01 1.676636044796908087e-01 6.487157206468413539e-01 2.102616722396605502e-03 9.382297496534830472e-01
3.038210761440399699e-01 1.676636044796908087e-01 6.487157206468413539e-01 2.102616722396605502e-03 9.382297496534830472e-01
3.038210761440399699e-01 1.676636044796908087e-01 6.487157206468413539e-01 2.102616722396605502e-03 9.382297496534830472e-01
3.038210761440399699e-01 1.676636044796908087e-01 6.487157206468413539e-01 2.102616722396605502e-03 9.382297496534830472e-01
3.038210761440399699e-01 1.676636044796908087e-01 6.487157206468413539e-01 2.102616722396605502e-03 9.382297496534830472e-01
3.038210761440399699e-01 1.676636044796908087e-01 6.487157206468413539e-01 2.102616722396605502e-03 9.382297496534830472e-01
3.038210761440399699e-01 1.676636044796908087e-01 6.487157206468413539e-01 2.102616722396605502e-03 9.382297496534830472e-01
3.038210761440399699e-01 1.676636044796908087e-01 6.487157206468413539e-01 2.102616722396605502e-03 9.382297496534830472e-01
3.038210761440399699e-01 1.676636044796908087e-01 6.487157206468413539e-01 2.102616722396605502e-03 9.382297496534830472e-01
3.038210761440399699e-01 1.676636044796908087e-01 6.487157206468413539e-01 2.102616722396605502e-03 9.382297496534830472e-01
3.038210761440399699e-01 1.676636044796908087e-01 6.487157206468413539e-01 2.102616722396605502e-03 9.382297496534830472e-01
3.038210761440399699e-01 1.676636044796908087e-01 6.487157206468413539e-01 2.102616722396605502e-03 9.382297496534830472e-01
3.038210761440399699e-01 1.676636044796908087e-01 6.487157206468413539e-01 2.102616722396605502e-03 9.382297496534830472e-01
3.038210761440399699e-01 1.676636044796908087e-01 6.487157206468413539e-01 2.102616722396605502e-03 9.382297496534830472e-01
3.038210761440399699e-01 1.676636044796908087e-01 6.487157206468413539e-01 2.102616722396605502e-03 9.382297496534830472e-01
3.038210761440399699e-01 1.676636044796908087e-01 6.487157206468413539e-01 2.102616722396605502e-03 9.382297496534830472e-01
3.038210761440399699e-01 1.676636044796908087e-01 6.487157206468413539e-01 2.102616722396605502e-03 9.382297496534830472e-01
3.038210761440399699e-01 1.676636044796908087e-01 6.487157206468413539e-01 2.102616722396605502e-03 9.382297496534830472e-01
3.038210761440399699e-01 1.676636044796908087e-01 6.487157206468413539e-01 2.102616722396605502e-03 9.382297496534830472e-01
3.038210761440399699e-01 1.676636044796908087e-01 6.487157206468413539e-01 2.102616722396605502e-03 9.382297496534830472e-01
3.038210761440399699e-01 1.676636044796908087e-01 6.487157206468413539e-01 2.102616722396605502e-03 9.382297496534830472e-01
3.038210761440399699e-01 1.676636044796908087e-01 6.487157206468413539e-01 2.102616722396605502e-03 9.382297496534830472e-01
3.038210761440399699e-01 1.676636044796908087e-01 6.487157206468413539e-01 2.102616722396605502e-03 9.382297496534830472e-01
3.038210761440399699e-01 1.676636044796908087e-01 6.487157206468413539e-01 2.102616722396605502e-03 9.382297496534830472e-01
3.038210761440399699e-01 1.676636044796908087e-01 6.487157206468413539e-01 2.102616722396605502e-03 9.382297496534830472e-01
3.038210761440399699e-01 1.676636044796908087e-01 6.487157206468413539e-01 2.102616722396605502e-03 9.382297496534830472e-01
6.390747109004965010e-01 2.640939723482100057e-02 1.784757394714102385e-01 8.149145158095619170e-05 9.726191962805618152e-01
3.038210761440399699e-01 1.676636044796908087e-01 6.487157206468413539e-01 2.102616722396605502e-03 9.382297496534830472e-01
3.038210761440399699e-01 1.676636044796908087e-01 6.487157206468413539e-01 2.102616722396605502e-03 9.382297496534830472e-01
3.038210761440399699e-01 1.676636044796908087e-01 6.487157206468413539e-01 2.102616722396605502e-03 9.382297496534830472e-01
3.038210761440399699e-01 1.676636044796908087e-01 6.487157206468413539e-01 2.102616722396605502e-03 9.382297496534830472e-01
3.038210761440399699e-01 1.676636044796908087e-01 6.487157206468413539e-01 2.102616722396605502e-03 9.382297496534830472e-01
3.038210761440399699e-01 1.676636044796908087e-01 6.487157206468413539e-01 2.102616722396605502e-03 9.382297496534830472e-01
3.038210761440399699e-01 1.676636044796908087e-01 6.487157206468413539e-01 2.102616722396605502e-03 9.382297496534830472e-01
3.038210761440399699e-01 1.676636044796908087e-01 6.487157206468413539e-01 2.102616722396605502e-03 9.382297496534830472e-01
3.038210761440399699e-01 1.676636044796908087e-01 6.487157206468413539e-01 2.102616722396605502e-03 9.382297496534830472e-01
3.038210761440399699e-01 1.676636044796908087e-01 6.487157206468413539e-01 2.102616722396605502e-03 9.382297496534830472e-01
3.038210761440399699e-01 1.676636044796908087e-01 6.487157206468413539e-01 2.102616722396605502e-03 9.382297496534830472e-01
3.038210761440399699e-01 1.676636044796908087e-01 6.487157206468413539e-01 2.102616722396605502e-03 9.382297496534830472e-01
3.038210761440399699e-01 1.676636044796908087e-01 6.487157206468413539e-01 2.102616722396605502e-03 9.382297496534830472e-01
3.038210761440399699e-01 1.676636044796908087e-01 6.487157206468413539e-01 2.102616722396605502e-03 9.382297496534830472e-01
6.390747109004965010e-01 2.640939723482100057e-02 1.784757394714102385e-01 8.149145158095619170e-05 9.726191962805618152e-01
3.038210761440399699e-01 1.676636044796908087e-01 6.487157206468413539e-01 2.102616722396605502e-03 9.382297496534830472e-01
3.038210761440399699e-01 1.676636044796908087e-01 6.487157206468413539e-01 2.102616722396605502e-03 9.382297496534830472e-01
3.038210761440399699e-01 1.676636044796908087e-01 6.487157206468413539e-01 2.102616722396605502e-03 9.382297496534830472e-01
4.608547802730140197e-01 1.101812514785817931e-01 1.673182781068927594e-01 2.757049196163486107e-02 8.066785889610386118e-01
3.038210761440399699e-01 1.676636044796908087e-01 6.487157206468413539e-01 2.102616722396605502e-03 9.382297496534830472e-01
3.038210761440399699e-01 1.676636044796908087e-01 6.487157206468413539e-01 2.102616722396605502e-03 9.382297496534830472e-01
3.038210761440399699e-01 1.676636044796908087e-01 6.487157206468413539e-01 2.102616722396605502e-03 9.382297496534830472e-01
3.038210761440399699e-01 1.676636044796908087e-01 6.487157206468413539e-01 2.102616722396605502e-03 9.382297496534830472e-01
3.038210761440399699e-01 1.676636044796908087e-01 6.487157206468413539e-01 2.102616722396605502e-03 9.382297496534830472e-01
3.038210761440399699e-01 1.676636044796908087e-01 6.487157206468413539e-01 2.102616722396605502e-03 9.382297496534830472e-01
3.038210761440399699e-01 1.676636044796908087e-01 6.487157206468413539e-01 2.102616722396605502e-03 9.382297496534830472e-01
3.038210761440399699e-01 1.676636044796908087e-01 6.487157206468413539e-01 2.102616722396605502e-03 9.382297496534830472e-01
3.038210761440399699e-01 1.676636044796908087e-01 6.487157206468413539e-01 2.102616722396605502e-03 9.382297496534830472e-01
3.038210761440399699e-01 1.676636044796908087e-01 6.487157206468413539e-01 2.102616722396605502e-03 9.382297496534830472e-01
3.038210761440399699e-01 1.676636044796908087e-01 6.487157206468413539e-01 2.102616722396605502e-03 9.382297496534830472e-01
3.038210761440399699e-01 1.676636044796908087e-01 6.487157206468413539e-01 2.102616722396605502e-03 9.382297496534830472e-01
3.038210761440399699e-01 1.676636044796908087e-01 6.487157206468413539e-01 2.102616722396605502e-03 9.382297496534830472e-01
3.038210761440399699e-01 1.676636044796908087e-01 6.487157206468413539e-01 2.102616722396605502e-03 9.382297496534830472e-01
3.038210761440399699e-01 1.676636044796908087e-01 6.487157206468413539e-01 2.102616722396605502e-03 9.382297496534830472e-01
3.038210761440399699e-01 1.676636044796908087e-01 6.487157206468413539e-01 2.102616722396605502e-03 9.382297496534830472e-01
3.038210761440399699e-01 1.676636044796908087e-01 6.487157206468413539e-01 2.102616722396605502e-03 9.382297496534830472e-01
3.038210761440399699e-01 1.676636044796908087e-01 6.487157206468413539e-01 2.102616722396605502e-03 9.382297496534830472e-01
3.038210761440399699e-01 1.676636044796908087e-01 6.487157206468413539e-01 2.102616722396605502e-03 9.382297496534830472e-01
6.390747109004965010e-01 2.640939723482100057e-02 1.784757394714102385e-01 8.149145158095619170e-05 9.726191962805618152e-01
3.038210761440399699e-01 1.676636044796908087e-01 6.487157206468413539e-01 2.102616722396605502e-03 9.382297496534830472e-01
3.038210761440399699e-01 1.676636044796908087e-01 6.487157206468413539e-01 2.102616722396605502e-03 9.382297496534830472e-01
3.038210761440399699e-01 1.676636044796908087e-01 6.487157206468413539e-01 2.102616722396605502e-03 9.382297496534830472e-01
3.038210761440399699e-01 1.676636044796908087e-01 6.487157206468413539e-01 2.102616722396605502e-03 9.382297496534830472e-01
6.390747109004965010e-01 2.640939723482100057e-02 1.784757394714102385e-01 8.149145158095619170e-05 9.726191962805618152e-01
3.038210761440399699e-01 1.676636044796908087e-01 6.487157206468413539e-01 2.102616722396605502e-03 9.382297496534830472e-01
3.038210761440399699e-01 1.676636044796908087e-01 6.487157206468413539e-01 2.102616722396605502e-03 9.382297496534830472e-01
3.038210761440399699e-01 1.676636044796908087e-01 6.487157206468413539e-01 2.102616722396605502e-03 9.382297496534830472e-01
3.038210761440399699e-01 1.676636044796908087e-01 6.487157206468413539e-01 2.102616722396605502e-03 9.382297496534830472e-01
3.038210761440399699e-01 1.676636044796908087e-01 6.487157206468413539e-01 2.102616722396605502e-03 9.382297496534830472e-01
6.390747109004965010e-01 2.640939723482100057e-02 1.784757394714102385e-01 8.149145158095619170e-05 9.726191962805618152e-01
3.038210761440399699e-01 1.676636044796908087e-01 6.487157206468413539e-01 2.102616722396605502e-03 9.382297496534830472e-01
3.038210761440399699e-01 1.676636044796908087e-01 6.487157206468413539e-01 2.102616722396605502e-03 9.382297496534830472e-01
3.038210761440399699e-01 1.676636044796908087e-01 6.487157206468413539e-01 2.102616722396605502e-03 9.382297496534830472e-01
6.390747109004965010e-01 2.640939723482100057e-02 1.784757394714102385e-01 8.149145158095619170e-05 9.726191962805618152e-01
3.038210761440399699e-01 1.676636044796908087e-01 6.487157206468413539e-01 2.102616722396605502e-03 9.382297496534830472e-01
3.038210761440399699e-01 1.676636044796908087e-01 6.487157206468413539e-01 2.102616722396605502e-03 9.382297496534830472e-01
3.038210761440399699e-01 1.676636044796908087e-01 6.487157206468413539e-01 2.102616722396605502e-03 9.382297496534830472e-01
6.008699391406340240e-01 1.764505759705818078e-01 2.135641354760507704e-01 7.024734345906868960e-02 6.451349657856120245e-01
3.038210761440399699e-01 1.676636044796908087e-01 6.487157206468413539e-01 2.102616722396605502e-03 9.382297496534830472e-01
3.038210761440399699e-01 1.676636044796908087e-01 6.487157206468413539e-01 2.102616722396605502e-03 9.382297496534830472e-01
3.038210761440399699e-01 1.676636044796908087e-01 6.487157206468413539e-01 2.102616722396605502e-03 9.382297496534830472e-01
3.038210761440399699e-01 1.676636044796908087e-01 6.487157206468413539e-01 2.102616722396605502e-03 9.382297496534830472e-01
3.038210761440399699e-01 1.676636044796908087e-01 6.487157206468413539e-01 2.102616722396605502e-03 9.382297496534830472e-01
3.038210761440399699e-01 1.676636044796908087e-01 6.487157206468413539e-01 2.102616722396605502e-03 9.382297496534830472e-01
3.038210761440399699e-01 1.676636044796908087e-01 6.487157206468413539e-01 2.102616722396605502e-03 9.382297496534830472e-01
3.038210761440399699e-01 1.676636044796908087e-01 6.487157206468413539e-01 2.102616722396605502e-03 9.382297496534830472e-01
