9.552221811730923218e-01 2.295478681360174633e-02
9.552221810928427370e-01 2.295478681427050652e-02
9.552221811681288477e-01 2.295478682169939388e-02
9.552221810521803746e-01 2.295478681532432327e-02
9.552221811730923218e-01 2.295478681360174633e-02
9.552221812070643692e-01 2.295478682215353755e-02
9.552221810928427370e-01 2.295478681427050652e-02
9.552221812070643692e-01 2.295478682215353755e-02
9.552221811730924328e-01 2.295478681360174980e-02
9.552221811730924328e-01 2.295478681360174980e-02
